{
    "mp-id": "mp-1517518",
    "central_atom": "Cr",
    "band_gap": 0.0,
    "density": 6.707258087606131,
    "formula": "BaCeEuCrO6",
    "space_group_number": 216,
    "space_group_symbol": "F-43m",
    "steinhart_parameter_sum 1/r^7": 4.400878507583155e-05,
    "electronegativity_std": 1.0632136482487307,
    "quadrupole_moment_normalized_1/r^7": [
        [
            -0.1293246187722479,
            -1.8753415331328616e-17,
            -1.1697948518055515e-16
        ],
        [
            -1.8753415331328616e-17,
            -0.12932461877224868,
            9.314440156129276e-17
        ],
        [
            -1.1697948518055515e-16,
            9.314440156129276e-17,
            -0.12932461877224757
        ]
    ],
    "normalized_dipole_anisotropy_matrix_1/r^7": [
        [
            0.0,
            2.858972969161801e-16,
            1.380326479032384e-16
        ],
        [
            2.858972969161801e-16,
            0.0,
            1.478646490129417e-16
        ],
        [
            1.380326479032384e-16,
            1.478646490129417e-16,
            0.0
        ]
    ],
    "normalized_quadrupole_anisotropy_matrix_sum_1/r^7": 2.3314683517128287e-15,
    "dipole_moment_normalized_1/r^7": [
        -2.2192644382888933e-16,
        6.397085308729075e-17,
        -8.389379592565094e-17
    ],
    "normalized_quadrupole_anisotropy_matrix_1/r^7": [
        [
            0.0,
            4.440892098500626e-16,
            1.1657341758564144e-15
        ],
        [
            4.440892098500626e-16,
            0.0,
            7.216449660063518e-16
        ],
        [
            1.1657341758564144e-15,
            7.216449660063518e-16,
            0.0
        ]
    ],
    "normalized_dipole_anisotropy_matrix_sum_1/r^7": 5.717945938323602e-16,
    "average_electronegativity": 2.665411764705883,
    "avg_spectra_anisotropy_matrix": [
        [
            0.0,
            6.293943802248015e-07,
            3.2978680038616145e-06
        ],
        [
            6.293943802248015e-07,
            0.0,
            3.2865727689671108e-06
        ],
        [
            3.2978680038616145e-06,
            3.2865727689671108e-06,
            0.0
        ]
    ]
}