{
    "mp-id": "mp-1213741",
    "central_atom": "Cr",
    "band_gap": 0.0,
    "density": 2.0715416645955482,
    "formula": "CrN3O8",
    "space_group_number": 121,
    "space_group_symbol": "I-42m",
    "steinhart_parameter_sum 1/r^7": 6.738688502066652e-05,
    "electronegativity_std": 0.5091329317105698,
    "quadrupole_moment_normalized_1/r^7": [
        [
            -0.17900817408890402,
            0.03165838998363756,
            -0.03212894017786693
        ],
        [
            0.03165838998363756,
            -0.15070308286707576,
            -0.049556105295954084
        ],
        [
            -0.03212894017786693,
            -0.049556105295954084,
            -0.1492407296306838
        ]
    ],
    "normalized_dipole_anisotropy_matrix_1/r^7": [
        [
            0.0,
            5.03985105838025e-12,
            6.535330683345423e-12
        ],
        [
            5.03985105838025e-12,
            0.0,
            1.1575181741725673e-11
        ],
        [
            6.535330683345423e-12,
            1.1575181741725673e-11,
            0.0
        ]
    ],
    "normalized_quadrupole_anisotropy_matrix_sum_1/r^7": 0.23929645874500413,
    "dipole_moment_normalized_1/r^7": [
        -9.291712947029914e-12,
        -1.4331564005410164e-11,
        -2.756382263684491e-12
    ],
    "normalized_quadrupole_anisotropy_matrix_1/r^7": [
        [
            0.0,
            0.11964822930632392,
            0.11964822937250207
        ],
        [
            0.11964822930632392,
            0.0,
            6.617814629628072e-11
        ],
        [
            0.11964822937250207,
            6.617814629628072e-11,
            0.0
        ]
    ],
    "normalized_dipole_anisotropy_matrix_sum_1/r^7": 2.3150363483451346e-11,
    "average_electronegativity": 3.1840517241379307,
    "avg_spectra_anisotropy_matrix": [
        [
            0.0,
            0.1170922215956399,
            0.11709226691355269
        ],
        [
            0.1170922215956399,
            0.0,
            4.528521342917283e-06
        ],
        [
            0.11709226691355269,
            4.528521342917283e-06,
            0.0
        ]
    ]
}