{
    "mp-id": "mp-1522114",
    "central_atom": "Cr",
    "band_gap": 0.0,
    "density": 4.725826086746743,
    "formula": "SrCaZrCrO6",
    "space_group_number": 216,
    "space_group_symbol": "F-43m",
    "steinhart_parameter_sum 1/r^7": 4.385712241504731e-05,
    "electronegativity_std": 1.1182557011973442,
    "quadrupole_moment_normalized_1/r^7": [
        [
            -0.13813614865179785,
            1.0755804358736397e-16,
            -2.707773749958866e-17
        ],
        [
            1.0755804358736397e-16,
            -0.1381361486517983,
            -2.326503044576024e-17
        ],
        [
            -2.707773749958866e-17,
            -2.326503044576024e-17,
            -0.13813614865179852
        ]
    ],
    "normalized_dipole_anisotropy_matrix_1/r^7": [
        [
            0.0,
            8.623531262921705e-17,
            3.2881104328362693e-17
        ],
        [
            8.623531262921705e-17,
            0.0,
            5.335420830085435e-17
        ],
        [
            3.2881104328362693e-17,
            5.335420830085435e-17,
            0.0
        ]
    ],
    "normalized_quadrupole_anisotropy_matrix_sum_1/r^7": 1.3877787807814457e-15,
    "dipole_moment_normalized_1/r^7": [
        4.1310564461200677e-17,
        -4.492474816801637e-17,
        8.429460132837983e-18
    ],
    "normalized_quadrupole_anisotropy_matrix_1/r^7": [
        [
            0.0,
            5.551115123125783e-16,
            1.3877787807814457e-16
        ],
        [
            5.551115123125783e-16,
            0.0,
            6.938893903907228e-16
        ],
        [
            1.3877787807814457e-16,
            6.938893903907228e-16,
            0.0
        ]
    ],
    "normalized_dipole_anisotropy_matrix_sum_1/r^7": 1.724706252584341e-16,
    "average_electronegativity": 2.5232616487455197,
    "avg_spectra_anisotropy_matrix": [
        [
            0.0,
            3.450112258684552e-06,
            4.468514693176403e-06
        ],
        [
            3.450112258684552e-06,
            0.0,
            3.3114820230896488e-06
        ],
        [
            4.468514693176403e-06,
            3.3114820230896488e-06,
            0.0
        ]
    ]
}