{
    "mp-id": "mp-1519678",
    "central_atom": "Cr",
    "band_gap": 0.5585,
    "density": 4.9018686143464905,
    "formula": "BaSrCaCrO6",
    "space_group_number": 216,
    "space_group_symbol": "F-43m",
    "steinhart_parameter_sum 1/r^7": 6.342792802878393e-05,
    "electronegativity_std": 1.1076131775907263,
    "quadrupole_moment_normalized_1/r^7": [
        [
            -0.17482242312011761,
            -1.441584431173407e-16,
            -8.224774621133982e-17
        ],
        [
            -1.441584431173407e-16,
            -0.1748224231201181,
            1.0069633556077529e-17
        ],
        [
            -8.224774621133982e-17,
            1.0069633556077529e-17,
            -0.1748224231201159
        ]
    ],
    "normalized_dipole_anisotropy_matrix_1/r^7": [
        [
            0.0,
            1.1747736849997327e-16,
            1.3215609213386567e-16
        ],
        [
            1.1747736849997327e-16,
            0.0,
            1.4678723633892402e-17
        ],
        [
            1.3215609213386567e-16,
            1.4678723633892402e-17,
            0.0
        ]
    ],
    "normalized_quadrupole_anisotropy_matrix_sum_1/r^7": 4.6074255521944e-15,
    "dipole_moment_normalized_1/r^7": [
        1.1959067599870334e-16,
        2.1133074987300768e-18,
        -1.2565416135162325e-17
    ],
    "normalized_quadrupole_anisotropy_matrix_1/r^7": [
        [
            0.0,
            4.996003610813204e-16,
            1.8041124150158794e-15
        ],
        [
            4.996003610813204e-16,
            0.0,
            2.3037127760972e-15
        ],
        [
            1.8041124150158794e-15,
            2.3037127760972e-15,
            0.0
        ]
    ],
    "normalized_dipole_anisotropy_matrix_sum_1/r^7": 2.6431218426773134e-16,
    "average_electronegativity": 2.6349019607843136,
    "avg_spectra_anisotropy_matrix": [
        [
            0.0,
            1.972255738313462e-06,
            1.9396332725132245e-06
        ],
        [
            1.972255738313462e-06,
            0.0,
            1.3938748124241448e-06
        ],
        [
            1.9396332725132245e-06,
            1.3938748124241448e-06,
            0.0
        ]
    ]
}