{
    "mp-id": "mp-1517088",
    "central_atom": "Cr",
    "band_gap": 0.0,
    "density": 5.307630861230048,
    "formula": "KLaZrCrO6",
    "space_group_number": 216,
    "space_group_symbol": "F-43m",
    "steinhart_parameter_sum 1/r^7": 4.228249059445632e-05,
    "electronegativity_std": 1.1253811088932721,
    "quadrupole_moment_normalized_1/r^7": [
        [
            -0.13447250640483013,
            -1.9550790972050133e-17,
            8.250736180967326e-17
        ],
        [
            -1.9550790972050133e-17,
            -0.13447250640483,
            -3.4476782052091787e-17
        ],
        [
            8.250736180967326e-17,
            -3.4476782052091787e-17,
            -0.13447250640482958
        ]
    ],
    "normalized_dipole_anisotropy_matrix_1/r^7": [
        [
            0.0,
            1.3460152919214804e-16,
            3.5779571664528104e-17
        ],
        [
            1.3460152919214804e-16,
            0.0,
            9.882195752761993e-17
        ],
        [
            3.5779571664528104e-17,
            9.882195752761993e-17,
            0.0
        ]
    ],
    "normalized_quadrupole_anisotropy_matrix_sum_1/r^7": 1.2212453270876722e-15,
    "dipole_moment_normalized_1/r^7": [
        6.857880496458275e-17,
        -6.602272422756529e-17,
        3.2799233300054645e-17
    ],
    "normalized_quadrupole_anisotropy_matrix_1/r^7": [
        [
            0.0,
            6.106226635438361e-16,
            4.163336342344337e-16
        ],
        [
            6.106226635438361e-16,
            0.0,
            1.942890293094024e-16
        ],
        [
            4.163336342344337e-16,
            1.942890293094024e-16,
            0.0
        ]
    ],
    "normalized_dipole_anisotropy_matrix_sum_1/r^7": 2.6920305838429607e-16,
    "average_electronegativity": 2.5196057347670253,
    "avg_spectra_anisotropy_matrix": [
        [
            0.0,
            3.633331909356517e-06,
            2.58185595902307e-06
        ],
        [
            3.633331909356517e-06,
            0.0,
            3.0710108872235863e-06
        ],
        [
            2.58185595902307e-06,
            3.0710108872235863e-06,
            0.0
        ]
    ]
}