{
    "mp-id": "mp-1518505",
    "central_atom": "Cr",
    "band_gap": 2.408699999999999,
    "density": 6.050170905972822,
    "formula": "SrSmZrCrO6",
    "space_group_number": 216,
    "space_group_symbol": "F-43m",
    "steinhart_parameter_sum 1/r^7": 3.8574024318752836e-05,
    "electronegativity_std": 1.0910885095803344,
    "quadrupole_moment_normalized_1/r^7": [
        [
            -0.12334607425195605,
            -1.935461089849233e-17,
            8.747233396702275e-17
        ],
        [
            -1.935461089849233e-17,
            -0.12334607425195554,
            -2.898038525735863e-17
        ],
        [
            8.747233396702275e-17,
            -2.898038525735863e-17,
            -0.12334607425195572
        ]
    ],
    "normalized_dipole_anisotropy_matrix_1/r^7": [
        [
            0.0,
            1.0079157395727049e-16,
            1.1621927440527733e-17
        ],
        [
            1.0079157395727049e-16,
            0.0,
            8.916964651674276e-17
        ],
        [
            1.1621927440527733e-17,
            8.916964651674276e-17,
            0.0
        ]
    ],
    "normalized_quadrupole_anisotropy_matrix_sum_1/r^7": 1.27675647831893e-15,
    "dipole_moment_normalized_1/r^7": [
        1.752193517565098e-17,
        1.1831350913292147e-16,
        2.914386261617871e-17
    ],
    "normalized_quadrupole_anisotropy_matrix_1/r^7": [
        [
            0.0,
            3.608224830031759e-16,
            6.38378239159465e-16
        ],
        [
            3.608224830031759e-16,
            0.0,
            2.7755575615628914e-16
        ],
        [
            6.38378239159465e-16,
            2.7755575615628914e-16,
            0.0
        ]
    ],
    "normalized_dipole_anisotropy_matrix_sum_1/r^7": 2.0158314791454097e-16,
    "average_electronegativity": 2.543978494623656,
    "avg_spectra_anisotropy_matrix": [
        [
            0.0,
            3.78201397596893e-06,
            9.527974510101557e-07
        ],
        [
            3.78201397596893e-06,
            0.0,
            3.5475780956335717e-06
        ],
        [
            9.527974510101557e-07,
            3.5475780956335717e-06,
            0.0
        ]
    ]
}