{
    "mp-id": "mp-1516437",
    "central_atom": "Cr",
    "band_gap": 0.0,
    "density": 5.427667004616772,
    "formula": "BaSrYCrO6",
    "space_group_number": 216,
    "space_group_symbol": "F-43m",
    "steinhart_parameter_sum 1/r^7": 5.2332421448309777e-05,
    "electronegativity_std": 1.08468676772746,
    "quadrupole_moment_normalized_1/r^7": [
        [
            -0.15053604801099205,
            3.8420951266312034e-17,
            -6.136923109446857e-17
        ],
        [
            3.8420951266312034e-17,
            -0.15053604801099235,
            1.7005245207314147e-18
        ],
        [
            -6.136923109446857e-17,
            1.7005245207314147e-18,
            -0.1505360480109939
        ]
    ],
    "normalized_dipole_anisotropy_matrix_1/r^7": [
        [
            0.0,
            1.783125717909776e-16,
            8.392534790293616e-17
        ],
        [
            1.783125717909776e-16,
            0.0,
            2.6223791969391376e-16
        ],
        [
            8.392534790293616e-17,
            2.6223791969391376e-16,
            0.0
        ]
    ],
    "normalized_quadrupole_anisotropy_matrix_sum_1/r^7": 3.774758283725532e-15,
    "dipole_moment_normalized_1/r^7": [
        2.023101136825454e-17,
        -1.5808156042272306e-16,
        1.041563592711907e-16
    ],
    "normalized_quadrupole_anisotropy_matrix_1/r^7": [
        [
            0.0,
            1.887379141862766e-15,
            3.3306690738754696e-16
        ],
        [
            1.887379141862766e-15,
            0.0,
            1.5543122344752192e-15
        ],
        [
            3.3306690738754696e-16,
            1.5543122344752192e-15,
            0.0
        ]
    ],
    "normalized_dipole_anisotropy_matrix_sum_1/r^7": 5.244758393878275e-16,
    "average_electronegativity": 2.6512941176470584,
    "avg_spectra_anisotropy_matrix": [
        [
            0.0,
            2.871957348442374e-06,
            2.900575015315794e-06
        ],
        [
            2.871957348442374e-06,
            0.0,
            4.920377239531314e-07
        ],
        [
            2.900575015315794e-06,
            4.920377239531314e-07,
            0.0
        ]
    ]
}