{
    "mp-id": "mp-1213773",
    "central_atom": "Cr",
    "band_gap": 1.9491,
    "density": 3.7431640777547273,
    "formula": "CrAg(SO4)2",
    "space_group_number": 12,
    "space_group_symbol": "C2/m",
    "steinhart_parameter_sum 1/r^7": 3.359363362854056e-05,
    "electronegativity_std": 0.6380576720322828,
    "quadrupole_moment_normalized_1/r^7": [
        [
            -0.10054665306596113,
            0.010305337832041375,
            -0.002370543854938276
        ],
        [
            0.010305337832041375,
            -0.09134748363214565,
            0.001537900986295282
        ],
        [
            -0.002370543854938276,
            0.001537900986295282,
            -0.10583044547269833
        ]
    ],
    "normalized_dipole_anisotropy_matrix_1/r^7": [
        [
            0.0,
            3.3148210874323417e-17,
            3.046819862921081e-17
        ],
        [
            3.3148210874323417e-17,
            0.0,
            2.6800122451126063e-18
        ],
        [
            3.046819862921081e-17,
            2.6800122451126063e-18,
            0.0
        ]
    ],
    "normalized_quadrupole_anisotropy_matrix_sum_1/r^7": 0.049561716520556576,
    "dipole_moment_normalized_1/r^7": [
        2.325253670978824e-17,
        -9.895674164535177e-18,
        -7.215661919422571e-18
    ],
    "normalized_quadrupole_anisotropy_matrix_1/r^7": [
        [
            0.0,
            0.024780858260278288,
            0.018958175799905774
        ],
        [
            0.024780858260278288,
            0.0,
            0.005822682460372514
        ],
        [
            0.018958175799905774,
            0.005822682460372514,
            0.0
        ]
    ],
    "normalized_dipole_anisotropy_matrix_sum_1/r^7": 6.629642174864683e-17,
    "average_electronegativity": 3.015328467153285,
    "avg_spectra_anisotropy_matrix": [
        [
            0.0,
            0.023749339572096052,
            0.021647247674936667
        ],
        [
            0.023749339572096052,
            0.0,
            0.00867722558347881
        ],
        [
            0.021647247674936667,
            0.00867722558347881,
            0.0
        ]
    ]
}