{
    "mp-id": "mp-1036772",
    "central_atom": "Cr",
    "band_gap": 1.7301000000000002,
    "density": 3.585544245165192,
    "formula": "Mg30VCrO32",
    "space_group_number": 123,
    "space_group_symbol": "P4/mmm",
    "steinhart_parameter_sum 1/r^7": 1.6057885425878428e-05,
    "electronegativity_std": 1.058122157330974,
    "quadrupole_moment_normalized_1/r^7": [
        [
            -0.06719783562678287,
            2.9419571840509987e-18,
            -6.343429741987455e-18
        ],
        [
            2.9419571840509987e-18,
            -0.06719783562678297,
            -1.8910010547452255e-18
        ],
        [
            -6.343429741987455e-18,
            -1.8910010547452255e-18,
            -0.04132171892855217
        ]
    ],
    "normalized_dipole_anisotropy_matrix_1/r^7": [
        [
            0.0,
            2.030388267149801e-17,
            4.295227313165712e-17
        ],
        [
            2.030388267149801e-17,
            0.0,
            2.264839046015911e-17
        ],
        [
            4.295227313165712e-17,
            2.264839046015911e-17,
            0.0
        ]
    ],
    "normalized_quadrupole_anisotropy_matrix_sum_1/r^7": 0.05175223339646162,
    "dipole_moment_normalized_1/r^7": [
        -4.1910634364771145e-17,
        -2.1606751693273134e-17,
        1.0416387668859758e-18
    ],
    "normalized_quadrupole_anisotropy_matrix_1/r^7": [
        [
            0.0,
            0.0258761166982307,
            1.1102230246251565e-16
        ],
        [
            0.0258761166982307,
            0.0,
            0.02587611669823081
        ],
        [
            1.1102230246251565e-16,
            0.02587611669823081,
            0.0
        ]
    ],
    "normalized_dipole_anisotropy_matrix_sum_1/r^7": 8.590454626331424e-17,
    "average_electronegativity": 2.3859349593495933,
    "avg_spectra_anisotropy_matrix": [
        [
            0.0,
            0.02982001655716861,
            1.022393341920643e-07
        ],
        [
            0.02982001655716861,
            0.0,
            0.029820030521469802
        ],
        [
            1.022393341920643e-07,
            0.029820030521469802,
            0.0
        ]
    ]
}