{
    "mp-id": "mp-1523312",
    "central_atom": "Cr",
    "band_gap": 0.0,
    "density": 6.563641644619526,
    "formula": "SrEuCrSbO6",
    "space_group_number": 216,
    "space_group_symbol": "F-43m",
    "steinhart_parameter_sum 1/r^7": 3.2294232399907416e-05,
    "electronegativity_std": 1.0459524307802899,
    "quadrupole_moment_normalized_1/r^7": [
        [
            -0.1078056088442932,
            2.7637838035960566e-17,
            1.567656815042737e-17
        ],
        [
            2.7637838035960566e-17,
            -0.10780560884429345,
            -6.170169152626588e-17
        ],
        [
            1.567656815042737e-17,
            -6.170169152626588e-17,
            -0.10780560884429385
        ]
    ],
    "normalized_dipole_anisotropy_matrix_1/r^7": [
        [
            0.0,
            3.7506089508828385e-18,
            1.9735041813901625e-16
        ],
        [
            3.7506089508828385e-18,
            0.0,
            2.011010270898991e-16
        ],
        [
            1.9735041813901625e-16,
            2.011010270898991e-16,
            0.0
        ]
    ],
    "normalized_quadrupole_anisotropy_matrix_sum_1/r^7": 1.304512053934559e-15,
    "dipole_moment_normalized_1/r^7": [
        5.59553670725335e-17,
        5.970597602341634e-17,
        -1.4139505106648275e-16
    ],
    "normalized_quadrupole_anisotropy_matrix_1/r^7": [
        [
            0.0,
            2.636779683484747e-16,
            6.522560269672795e-16
        ],
        [
            2.636779683484747e-16,
            0.0,
            3.885780586188048e-16
        ],
        [
            6.522560269672795e-16,
            3.885780586188048e-16,
            0.0
        ]
    ],
    "normalized_dipole_anisotropy_matrix_sum_1/r^7": 4.022020541797982e-16,
    "average_electronegativity": 2.5966666666666667,
    "avg_spectra_anisotropy_matrix": [
        [
            0.0,
            3.9235424705338636e-07,
            9.274594303775972e-07
        ],
        [
            3.9235424705338636e-07,
            0.0,
            8.685530338971829e-07
        ],
        [
            9.274594303775972e-07,
            8.685530338971829e-07,
            0.0
        ]
    ]
}