{
    "mp-id": "mp-1034594",
    "central_atom": "Cr",
    "band_gap": 2.810399999999999,
    "density": 3.562927484571358,
    "formula": "NaMg14CrO16",
    "space_group_number": 123,
    "space_group_symbol": "P4/mmm",
    "steinhart_parameter_sum 1/r^7": 2.1973557913783285e-05,
    "electronegativity_std": 1.0707784235709976,
    "quadrupole_moment_normalized_1/r^7": [
        [
            -0.09234692889899448,
            -2.1681925867341953e-18,
            4.355972810373646e-18
        ],
        [
            -2.1681925867341953e-18,
            -0.09234692889899454,
            4.9932592240641005e-19
        ],
        [
            4.355972810373646e-18,
            4.9932592240641005e-19,
            -0.0673334554833188
        ]
    ],
    "normalized_dipole_anisotropy_matrix_1/r^7": [
        [
            0.0,
            2.708475199118311e-17,
            6.555561202693414e-17
        ],
        [
            2.708475199118311e-17,
            0.0,
            3.8470860035751033e-17
        ],
        [
            6.555561202693414e-17,
            3.8470860035751033e-17,
            0.0
        ]
    ],
    "normalized_quadrupole_anisotropy_matrix_sum_1/r^7": 0.05002694683135142,
    "dipole_moment_normalized_1/r^7": [
        4.6041269941395546e-18,
        3.1688878985322664e-17,
        7.01597390210737e-17
    ],
    "normalized_quadrupole_anisotropy_matrix_1/r^7": [
        [
            0.0,
            0.025013473415675683,
            2.7755575615628914e-17
        ],
        [
            0.025013473415675683,
            0.0,
            0.02501347341567571
        ],
        [
            2.7755575615628914e-17,
            0.02501347341567571,
            0.0
        ]
    ],
    "normalized_dipole_anisotropy_matrix_sum_1/r^7": 1.3111122405386829e-16,
    "average_electronegativity": 2.3751761517615173,
    "avg_spectra_anisotropy_matrix": [
        [
            0.0,
            0.02424294762642316,
            1.1394299376985888e-07
        ],
        [
            0.02424294762642316,
            0.0,
            0.024242935115433958
        ],
        [
            1.1394299376985888e-07,
            0.024242935115433958,
            0.0
        ]
    ]
}