{
    "mp-id": "mp-1226401",
    "central_atom": "Cr",
    "band_gap": 3.2492,
    "density": 1.8038037246649101,
    "formula": "CrH8C4NO10",
    "space_group_number": 8,
    "space_group_symbol": "Cm",
    "steinhart_parameter_sum 1/r^7": 4.806438235238843e-05,
    "electronegativity_std": 0.5999966166172597,
    "quadrupole_moment_normalized_1/r^7": [
        [
            -0.09418867030340673,
            0.0012943231051853834,
            0.0009854179375013326
        ],
        [
            0.0012943231051853834,
            -0.09434278976906013,
            -0.0010458313952877954
        ],
        [
            0.0009854179375013326,
            -0.0010458313952877954,
            -0.08113936798920857
        ]
    ],
    "normalized_dipole_anisotropy_matrix_1/r^7": [
        [
            0.0,
            0.0005064328597706607,
            0.0007115928740023509
        ],
        [
            0.0005064328597706607,
            0.0,
            0.00020516001423169012
        ],
        [
            0.0007115928740023509,
            0.00020516001423169012,
            0.0
        ]
    ],
    "normalized_quadrupole_anisotropy_matrix_sum_1/r^7": 0.029413025323702102,
    "dipole_moment_normalized_1/r^7": [
        0.0002456852618248947,
        -0.00026074759794576606,
        -0.0004659076121774562
    ],
    "normalized_quadrupole_anisotropy_matrix_1/r^7": [
        [
            0.0,
            0.0027349978333354313,
            0.014706512661851051
        ],
        [
            0.0027349978333354313,
            0.0,
            0.01197151482851562
        ],
        [
            0.014706512661851051,
            0.01197151482851562,
            0.0
        ]
    ],
    "normalized_dipole_anisotropy_matrix_sum_1/r^7": 0.0014231857480047018,
    "average_electronegativity": 2.783070044709389,
    "avg_spectra_anisotropy_matrix": [
        [
            0.0,
            0.07383036751287649,
            0.03865337460483225
        ],
        [
            0.07383036751287649,
            0.0,
            0.07838858040504972
        ],
        [
            0.03865337460483225,
            0.07838858040504972,
            0.0
        ]
    ]
}