{
    "mp-id": "mp-1037925",
    "central_atom": "Cr",
    "band_gap": 0.6942,
    "density": 3.507933436633101,
    "formula": "CaMg30CrO32",
    "space_group_number": 123,
    "space_group_symbol": "P4/mmm",
    "steinhart_parameter_sum 1/r^7": 1.781107083167517e-05,
    "electronegativity_std": 1.0674300620535317,
    "quadrupole_moment_normalized_1/r^7": [
        [
            -0.04757817642523698,
            3.4048606897254738e-18,
            -1.585984490438952e-17
        ],
        [
            3.4048606897254738e-18,
            -0.047578176425237,
            -1.57675183131388e-17
        ],
        [
            -1.585984490438952e-17,
            -1.57675183131388e-17,
            -0.09120621943640658
        ]
    ],
    "normalized_dipole_anisotropy_matrix_1/r^7": [
        [
            0.0,
            1.2529205476667204e-18,
            4.570700956458532e-17
        ],
        [
            1.2529205476667204e-18,
            0.0,
            4.44540890169186e-17
        ],
        [
            4.570700956458532e-17,
            4.44540890169186e-17,
            0.0
        ]
    ],
    "normalized_quadrupole_anisotropy_matrix_sum_1/r^7": 0.08725608602233921,
    "dipole_moment_normalized_1/r^7": [
        -3.9534256961469604e-17,
        -3.8281336413802883e-17,
        6.172752603115714e-18
    ],
    "normalized_quadrupole_anisotropy_matrix_1/r^7": [
        [
            0.0,
            0.043628043011169605,
            6.938893903907228e-18
        ],
        [
            0.043628043011169605,
            0.0,
            0.0436280430111696
        ],
        [
            6.938893903907228e-18,
            0.0436280430111696,
            0.0
        ]
    ],
    "normalized_dipole_anisotropy_matrix_sum_1/r^7": 9.141401912917064e-17,
    "average_electronegativity": 2.3765311653116528,
    "avg_spectra_anisotropy_matrix": [
        [
            0.0,
            0.04974673434810278,
            1.3258979005809106e-07
        ],
        [
            0.04974673434810278,
            0.0,
            0.049746739279850336
        ],
        [
            1.3258979005809106e-07,
            0.049746739279850336,
            0.0
        ]
    ]
}