{
    "mp-id": "mp-1520876",
    "central_atom": "Cr",
    "band_gap": 0.0,
    "density": 8.221691501402974,
    "formula": "SmEuHfCrO6",
    "space_group_number": 216,
    "space_group_symbol": "F-43m",
    "steinhart_parameter_sum 1/r^7": 3.7572239846553085e-05,
    "electronegativity_std": 1.0616880049142476,
    "quadrupole_moment_normalized_1/r^7": [
        [
            -0.12523479518306707,
            -2.001792964246088e-17,
            -4.486733521606029e-17
        ],
        [
            -2.001792964246088e-17,
            -0.1252347951830672,
            1.5154689975800315e-17
        ],
        [
            -4.486733521606029e-17,
            1.5154689975800315e-17,
            -0.125234795183067
        ]
    ],
    "normalized_dipole_anisotropy_matrix_1/r^7": [
        [
            0.0,
            1.9323743790538618e-16,
            3.191143689221373e-17
        ],
        [
            1.9323743790538618e-16,
            0.0,
            1.6132600101317245e-16
        ],
        [
            3.191143689221373e-17,
            1.6132600101317245e-16,
            0.0
        ]
    ],
    "normalized_quadrupole_anisotropy_matrix_sum_1/r^7": 4.996003610813204e-16,
    "dipole_moment_normalized_1/r^7": [
        8.090085794608707e-17,
        -1.123365799592991e-16,
        4.898942105387334e-17
    ],
    "normalized_quadrupole_anisotropy_matrix_1/r^7": [
        [
            0.0,
            1.6653345369377348e-16,
            2.498001805406602e-16
        ],
        [
            1.6653345369377348e-16,
            0.0,
            8.326672684688674e-17
        ],
        [
            2.498001805406602e-16,
            8.326672684688674e-17,
            0.0
        ]
    ],
    "normalized_dipole_anisotropy_matrix_sum_1/r^7": 3.8647487581077236e-16,
    "average_electronegativity": 2.507482993197279,
    "avg_spectra_anisotropy_matrix": [
        [
            0.0,
            2.9873729234617724e-06,
            5.717061853357709e-07
        ],
        [
            2.9873729234617724e-06,
            0.0,
            2.927510539111254e-06
        ],
        [
            5.717061853357709e-07,
            2.927510539111254e-06,
            0.0
        ]
    ]
}