{
    "mp-id": "mp-1394379",
    "central_atom": "Cr",
    "band_gap": 0.8387000000000001,
    "density": 5.9515558245223374,
    "formula": "La2CrO6",
    "space_group_number": 148,
    "space_group_symbol": "R-3",
    "steinhart_parameter_sum 1/r^7": 6.214031972610628e-05,
    "electronegativity_std": 1.047598040383274,
    "quadrupole_moment_normalized_1/r^7": [
        [
            -0.17858787143754842,
            0.0021878013920472303,
            0.00477201101276521
        ],
        [
            0.0021878013920472303,
            -0.17998095198827294,
            0.0034887388791538724
        ],
        [
            0.00477201101276521,
            0.0034887388791538724,
            -0.17397081451074886
        ]
    ],
    "normalized_dipole_anisotropy_matrix_1/r^7": [
        [
            0.0,
            6.040509584225636e-17,
            9.41838168666922e-17
        ],
        [
            6.040509584225636e-17,
            0.0,
            3.3778721024435836e-17
        ],
        [
            9.41838168666922e-17,
            3.3778721024435836e-17,
            0.0
        ]
    ],
    "normalized_quadrupole_anisotropy_matrix_sum_1/r^7": 0.024403230057037817,
    "dipole_moment_normalized_1/r^7": [
        -1.239314022160264e-16,
        -1.8433649805828277e-16,
        -2.181152190827186e-16
    ],
    "normalized_quadrupole_anisotropy_matrix_1/r^7": [
        [
            0.0,
            0.012201615028518908,
            3.0531133177191805e-16
        ],
        [
            0.012201615028518908,
            0.0,
            0.012201615028518603
        ],
        [
            3.0531133177191805e-16,
            0.012201615028518603,
            0.0
        ]
    ],
    "normalized_dipole_anisotropy_matrix_sum_1/r^7": 1.883676337333844e-16,
    "average_electronegativity": 2.6866181818181816,
    "avg_spectra_anisotropy_matrix": [
        [
            0.0,
            0.016389180814239686,
            5.364193938412919e-07
        ],
        [
            0.016389180814239686,
            0.0,
            0.016388922606709055
        ],
        [
            5.364193938412919e-07,
            0.016388922606709055,
            0.0
        ]
    ]
}