{
    "mp-id": "mp-1521677",
    "central_atom": "Cr",
    "band_gap": 0.0035,
    "density": 6.861140986062481,
    "formula": "SmEuZrCrO6",
    "space_group_number": 216,
    "space_group_symbol": "F-43m",
    "steinhart_parameter_sum 1/r^7": 3.842003414484116e-05,
    "electronegativity_std": 1.048827112268609,
    "quadrupole_moment_normalized_1/r^7": [
        [
            -0.12304822508466452,
            2.0393906391923382e-17,
            6.235856557686159e-18
        ],
        [
            2.0393906391923382e-17,
            -0.123048225084665,
            -1.3552527156068805e-20
        ],
        [
            6.235856557686159e-18,
            -1.3552527156068805e-20,
            -0.12304822508466458
        ]
    ],
    "normalized_dipole_anisotropy_matrix_1/r^7": [
        [
            0.0,
            1.8766941388705083e-17,
            2.791542661464356e-17
        ],
        [
            1.8766941388705083e-17,
            0.0,
            9.148485225938478e-18
        ],
        [
            2.791542661464356e-17,
            9.148485225938478e-18,
            0.0
        ]
    ],
    "normalized_quadrupole_anisotropy_matrix_sum_1/r^7": 8.604228440844963e-16,
    "dipole_moment_normalized_1/r^7": [
        3.3556560164238794e-17,
        1.478961877553371e-17,
        5.6411335495952335e-18
    ],
    "normalized_quadrupole_anisotropy_matrix_1/r^7": [
        [
            0.0,
            4.3021142204224816e-16,
            6.938893903907228e-17
        ],
        [
            4.3021142204224816e-16,
            0.0,
            3.608224830031759e-16
        ],
        [
            6.938893903907228e-17,
            3.608224830031759e-16,
            0.0
        ]
    ],
    "normalized_dipole_anisotropy_matrix_sum_1/r^7": 5.583085322928712e-17,
    "average_electronegativity": 2.5744444444444445,
    "avg_spectra_anisotropy_matrix": [
        [
            0.0,
            4.981324492983705e-07,
            3.1433984174001103e-06
        ],
        [
            4.981324492983705e-07,
            0.0,
            2.997637528367534e-06
        ],
        [
            3.1433984174001103e-06,
            2.997637528367534e-06,
            0.0
        ]
    ]
}