{
    "mp-id": "mp-1033343",
    "central_atom": "Cr",
    "band_gap": 0.1194,
    "density": 4.955289415053385,
    "formula": "HfMg6CrO8",
    "space_group_number": 123,
    "space_group_symbol": "P4/mmm",
    "steinhart_parameter_sum 1/r^7": 1.447044359250151e-05,
    "electronegativity_std": 1.0494885803647642,
    "quadrupole_moment_normalized_1/r^7": [
        [
            -0.06620107959503642,
            3.916680348103885e-18,
            -9.458393405515145e-18
        ],
        [
            3.916680348103885e-18,
            -0.06620107959503645,
            -9.12466242429695e-18
        ],
        [
            -9.458393405515145e-18,
            -9.12466242429695e-18,
            -0.024062072755241012
        ]
    ],
    "normalized_dipole_anisotropy_matrix_1/r^7": [
        [
            0.0,
            1.0782729418547243e-18,
            2.637782358736059e-17
        ],
        [
            1.0782729418547243e-18,
            0.0,
            2.5299550645505866e-17
        ],
        [
            2.637782358736059e-17,
            2.5299550645505866e-17,
            0.0
        ]
    ],
    "normalized_quadrupole_anisotropy_matrix_sum_1/r^7": 0.08427801367959091,
    "dipole_moment_normalized_1/r^7": [
        6.68044297587626e-19,
        -4.1022864426709833e-19,
        -2.5709779289772965e-17
    ],
    "normalized_quadrupole_anisotropy_matrix_1/r^7": [
        [
            0.0,
            0.0421390068397954,
            5.551115123125783e-17
        ],
        [
            0.0421390068397954,
            0.0,
            0.042139006839795455
        ],
        [
            5.551115123125783e-17,
            0.042139006839795455,
            0.0
        ]
    ],
    "normalized_dipole_anisotropy_matrix_sum_1/r^7": 5.275564717472118e-17,
    "average_electronegativity": 2.407871148459384,
    "avg_spectra_anisotropy_matrix": [
        [
            0.0,
            0.062288226306296476,
            1.2951553763034336e-07
        ],
        [
            0.062288226306296476,
            0.0,
            0.062288229867217625
        ],
        [
            1.2951553763034336e-07,
            0.062288229867217625,
            0.0
        ]
    ]
}