{
    "mp-id": "mp-1517668",
    "central_atom": "Cr",
    "band_gap": 0.9519000000000001,
    "density": 7.226647123058655,
    "formula": "SrCrSnBiO6",
    "space_group_number": 216,
    "space_group_symbol": "F-43m",
    "steinhart_parameter_sum 1/r^7": 3.70375899888746e-05,
    "electronegativity_std": 0.9461918380330168,
    "quadrupole_moment_normalized_1/r^7": [
        [
            -0.11925034536426068,
            -2.089970067113292e-17,
            4.533735548840844e-17
        ],
        [
            -2.089970067113292e-17,
            -0.11925034536426062,
            -8.482696153572916e-17
        ],
        [
            4.533735548840844e-17,
            -8.482696153572916e-17,
            -0.11925034536426052
        ]
    ],
    "normalized_dipole_anisotropy_matrix_1/r^7": [
        [
            0.0,
            2.33371146856796e-17,
            5.569889434790872e-17
        ],
        [
            2.33371146856796e-17,
            0.0,
            7.903600903358832e-17
        ],
        [
            5.569889434790872e-17,
            7.903600903358832e-17,
            0.0
        ]
    ],
    "normalized_quadrupole_anisotropy_matrix_sum_1/r^7": 3.885780586188048e-16,
    "dipole_moment_normalized_1/r^7": [
        -5.25381909052293e-17,
        -7.58753055909089e-17,
        3.1607034426794217e-18
    ],
    "normalized_quadrupole_anisotropy_matrix_1/r^7": [
        [
            0.0,
            1.942890293094024e-16,
            1.3877787807814457e-17
        ],
        [
            1.942890293094024e-16,
            0.0,
            1.8041124150158794e-16
        ],
        [
            1.3877787807814457e-17,
            1.8041124150158794e-16,
            0.0
        ]
    ],
    "normalized_dipole_anisotropy_matrix_sum_1/r^7": 1.5807201806717665e-16,
    "average_electronegativity": 2.6904659498207883,
    "avg_spectra_anisotropy_matrix": [
        [
            0.0,
            9.780860237363111e-07,
            5.002776804127321e-07
        ],
        [
            9.780860237363111e-07,
            0.0,
            5.586313243533006e-07
        ],
        [
            5.002776804127321e-07,
            5.586313243533006e-07,
            0.0
        ]
    ]
}