{
    "mp-id": "mp-1035311",
    "central_atom": "Cr",
    "band_gap": 0.1748,
    "density": 3.804045051358705,
    "formula": "Mg14CrCuO16",
    "space_group_number": 123,
    "space_group_symbol": "P4/mmm",
    "steinhart_parameter_sum 1/r^7": 1.969099529239515e-05,
    "electronegativity_std": 1.0466110100629977,
    "quadrupole_moment_normalized_1/r^7": [
        [
            -0.08074208452614048,
            2.3259524731603087e-18,
            7.099194889175105e-19
        ],
        [
            2.3259524731603087e-18,
            -0.08074208452614054,
            7.119311921672394e-19
        ],
        [
            7.099194889175105e-19,
            7.119311921672394e-19,
            -0.06835890664652879
        ]
    ],
    "normalized_dipole_anisotropy_matrix_1/r^7": [
        [
            0.0,
            3.0959980664430737e-17,
            8.522429939733023e-17
        ],
        [
            3.0959980664430737e-17,
            0.0,
            5.42643187328995e-17
        ],
        [
            8.522429939733023e-17,
            5.42643187328995e-17,
            0.0
        ]
    ],
    "normalized_quadrupole_anisotropy_matrix_sum_1/r^7": 0.024766355759223507,
    "dipole_moment_normalized_1/r^7": [
        -6.094822924990358e-17,
        -2.998824858547284e-17,
        2.4276070147426655e-17
    ],
    "normalized_quadrupole_anisotropy_matrix_1/r^7": [
        [
            0.0,
            4.163336342344337e-17,
            0.012383177879611712
        ],
        [
            4.163336342344337e-17,
            0.0,
            0.012383177879611754
        ],
        [
            0.012383177879611712,
            0.012383177879611754,
            0.0
        ]
    ],
    "normalized_dipole_anisotropy_matrix_sum_1/r^7": 1.7044859879466047e-16,
    "average_electronegativity": 2.401463414634146,
    "avg_spectra_anisotropy_matrix": [
        [
            0.0,
            1.1108268830567783e-07,
            0.014701908246060104
        ],
        [
            1.1108268830567783e-07,
            0.0,
            0.014701910942252946
        ],
        [
            0.014701908246060104,
            0.014701910942252946,
            0.0
        ]
    ]
}