{
    "mp-id": "mp-1033429",
    "central_atom": "Cr",
    "band_gap": 1.958899999999999,
    "density": 3.9502966196733693,
    "formula": "BaMg6CrO8",
    "space_group_number": 123,
    "space_group_symbol": "P4/mmm",
    "steinhart_parameter_sum 1/r^7": 2.5233552501964007e-05,
    "electronegativity_std": 1.0796373802734107,
    "quadrupole_moment_normalized_1/r^7": [
        [
            -0.03735126256144307,
            2.2289672006996913e-18,
            5.289720755603106e-19
        ],
        [
            2.2289672006996913e-18,
            -0.03735126256144307,
            9.829817352886155e-19
        ],
        [
            5.289720755603106e-19,
            9.829817352886155e-19,
            -0.12122983435068772
        ]
    ],
    "normalized_dipole_anisotropy_matrix_1/r^7": [
        [
            0.0,
            3.1297867401046398e-19,
            4.0254340845754166e-17
        ],
        [
            3.1297867401046398e-19,
            0.0,
            4.056731951976463e-17
        ],
        [
            4.0254340845754166e-17,
            4.056731951976463e-17,
            0.0
        ]
    ],
    "normalized_quadrupole_anisotropy_matrix_sum_1/r^7": 0.1677571435784893,
    "dipole_moment_normalized_1/r^7": [
        1.8730016046160716e-19,
        -1.2567851354885681e-19,
        4.0441641006215773e-17
    ],
    "normalized_quadrupole_anisotropy_matrix_1/r^7": [
        [
            0.0,
            2.7755575615628914e-17,
            0.08387857178924465
        ],
        [
            2.7755575615628914e-17,
            0.0,
            0.08387857178924463
        ],
        [
            0.08387857178924465,
            0.08387857178924463,
            0.0
        ]
    ],
    "normalized_dipole_anisotropy_matrix_sum_1/r^7": 8.113463903952926e-17,
    "average_electronegativity": 2.315508196721311,
    "avg_spectra_anisotropy_matrix": [
        [
            0.0,
            1.039421506171234e-07,
            0.10207433989321973
        ],
        [
            1.039421506171234e-07,
            0.0,
            0.10207433886629413
        ],
        [
            0.10207433989321973,
            0.10207433886629413,
            0.0
        ]
    ]
}