{
    "mp-id": "mp-1218760",
    "central_atom": "Cr",
    "band_gap": 0.6337,
    "density": 6.281250266397235,
    "formula": "Sr2Nd2CrNiO8",
    "space_group_number": 38,
    "space_group_symbol": "Amm2",
    "steinhart_parameter_sum 1/r^7": 4.2293218205074496e-05,
    "electronegativity_std": 1.095426785740167,
    "quadrupole_moment_normalized_1/r^7": [
        [
            -0.09482664601968317,
            -0.013770153014412447,
            2.643928641559573e-17
        ],
        [
            -0.013770153014412447,
            -0.1205701021233,
            7.428055430946587e-17
        ],
        [
            2.643928641559573e-17,
            7.428055430946587e-17,
            -0.12603420246601751
        ]
    ],
    "normalized_dipole_anisotropy_matrix_1/r^7": [
        [
            0.0,
            0.015590774456652644,
            0.01087146301905252
        ],
        [
            0.015590774456652644,
            0.0,
            0.004719311437600124
        ],
        [
            0.01087146301905252,
            0.004719311437600124,
            0.0
        ]
    ],
    "normalized_quadrupole_anisotropy_matrix_sum_1/r^7": 0.07539745322808111,
    "dipole_moment_normalized_1/r^7": [
        -0.010871463019052483,
        0.0047193114376001604,
        3.60259523730607e-17
    ],
    "normalized_quadrupole_anisotropy_matrix_1/r^7": [
        [
            0.0,
            0.037698726614040556,
            0.03718519170154619
        ],
        [
            0.037698726614040556,
            0.0,
            0.0005135349124943678
        ],
        [
            0.03718519170154619,
            0.0005135349124943678,
            0.0
        ]
    ],
    "normalized_dipole_anisotropy_matrix_sum_1/r^7": 0.031181548913305285,
    "average_electronegativity": 2.5082374100719425,
    "avg_spectra_anisotropy_matrix": [
        [
            0.0,
            0.05708093098057708,
            0.05657032374347766
        ],
        [
            0.05708093098057708,
            0.0,
            0.001522550737570446
        ],
        [
            0.05657032374347766,
            0.001522550737570446,
            0.0
        ]
    ]
}