{
    "mp-id": "mp-1517625",
    "central_atom": "Cr",
    "band_gap": 0.0,
    "density": 6.944871496670819,
    "formula": "PrEuNbCrO6",
    "space_group_number": 216,
    "space_group_symbol": "F-43m",
    "steinhart_parameter_sum 1/r^7": 3.6063807405117194e-05,
    "electronegativity_std": 1.0322112133151413,
    "quadrupole_moment_normalized_1/r^7": [
        [
            -0.11985479555537117,
            7.844033311343174e-17,
            5.1628034563688894e-17
        ],
        [
            7.844033311343174e-17,
            -0.1198547955553713,
            -9.059017370884742e-17
        ],
        [
            5.1628034563688894e-17,
            -9.059017370884742e-17,
            -0.11985479555537072
        ]
    ],
    "normalized_dipole_anisotropy_matrix_1/r^7": [
        [
            0.0,
            9.214273216160535e-17,
            3.924144825951563e-17
        ],
        [
            9.214273216160535e-17,
            0.0,
            5.290128390208972e-17
        ],
        [
            3.924144825951563e-17,
            5.290128390208972e-17,
            0.0
        ]
    ],
    "normalized_quadrupole_anisotropy_matrix_sum_1/r^7": 1.3600232051658168e-15,
    "dipole_moment_normalized_1/r^7": [
        -6.257281197295773e-17,
        2.9569920188647625e-17,
        -2.3331363713442093e-17
    ],
    "normalized_quadrupole_anisotropy_matrix_1/r^7": [
        [
            0.0,
            2.220446049250313e-16,
            6.800116025829084e-16
        ],
        [
            2.220446049250313e-16,
            0.0,
            4.579669976578771e-16
        ],
        [
            6.800116025829084e-16,
            4.579669976578771e-16,
            0.0
        ]
    ],
    "normalized_dipole_anisotropy_matrix_sum_1/r^7": 1.842854643232107e-16,
    "average_electronegativity": 2.5375510204081633,
    "avg_spectra_anisotropy_matrix": [
        [
            0.0,
            3.884291508944879e-06,
            3.697775873819632e-06
        ],
        [
            3.884291508944879e-06,
            0.0,
            4.93639102231467e-06
        ],
        [
            3.697775873819632e-06,
            4.93639102231467e-06,
            0.0
        ]
    ]
}