{
    "mp-id": "mp-1178419",
    "central_atom": "Cr",
    "band_gap": 0.05330000000000001,
    "density": 5.720973883550321,
    "formula": "Cr(SbO3)2",
    "space_group_number": 12,
    "space_group_symbol": "C2/m",
    "steinhart_parameter_sum 1/r^7": 1.6785956255401092e-05,
    "electronegativity_std": 0.733481783010323,
    "quadrupole_moment_normalized_1/r^7": [
        [
            -0.06359582674999183,
            0.011057533342909966,
            -0.006333938452906962
        ],
        [
            0.011057533342909966,
            -0.0769789925054891,
            0.011236497868117973
        ],
        [
            -0.006333938452906962,
            0.011236497868117973,
            -0.05848301944927958
        ]
    ],
    "normalized_dipole_anisotropy_matrix_1/r^7": [
        [
            0.0,
            4.9143925157408446e-17,
            1.2635005185735186e-17
        ],
        [
            4.9143925157408446e-17,
            0.0,
            6.177893034314363e-17
        ],
        [
            1.2635005185735186e-17,
            6.177893034314363e-17,
            0.0
        ]
    ],
    "normalized_quadrupole_anisotropy_matrix_sum_1/r^7": 0.07147126940348053,
    "dipole_moment_normalized_1/r^7": [
        3.095034566465572e-17,
        -1.8193579492752727e-17,
        4.3585350850390905e-17
    ],
    "normalized_quadrupole_anisotropy_matrix_1/r^7": [
        [
            0.0,
            0.03135258260457447,
            0.035735634701740265
        ],
        [
            0.03135258260457447,
            0.0,
            0.004383052097165795
        ],
        [
            0.035735634701740265,
            0.004383052097165795,
            0.0
        ]
    ],
    "normalized_dipole_anisotropy_matrix_sum_1/r^7": 1.2355786068628727e-16,
    "average_electronegativity": 2.9190175438596495,
    "avg_spectra_anisotropy_matrix": [
        [
            0.0,
            0.03925350165389083,
            0.03552830255373107
        ],
        [
            0.03925350165389083,
            0.0,
            0.013970122616964835
        ],
        [
            0.03552830255373107,
            0.013970122616964835,
            0.0
        ]
    ]
}