{
    "mp-id": "mp-1040801",
    "central_atom": "Cr",
    "band_gap": 1.5075,
    "density": 5.797583240148797,
    "formula": "LaCrTeO6",
    "space_group_number": 1,
    "space_group_symbol": "P1",
    "steinhart_parameter_sum 1/r^7": 3.627417347602198e-05,
    "electronegativity_std": 0.9082190527879128,
    "quadrupole_moment_normalized_1/r^7": [
        [
            -0.10672705884431184,
            -0.002073124994932973,
            0.002369936338688705
        ],
        [
            -0.002073124994932973,
            -0.11033482207010815,
            0.0007461902111886311
        ],
        [
            0.002369936338688705,
            0.0007461902111886311,
            -0.11201743913416073
        ]
    ],
    "normalized_dipole_anisotropy_matrix_1/r^7": [
        [
            0.0,
            0.003707778957967859,
            0.0033815934207858563
        ],
        [
            0.003707778957967859,
            0.0,
            0.00032618553718200276
        ],
        [
            0.0033815934207858563,
            0.00032618553718200276,
            0.0
        ]
    ],
    "normalized_quadrupole_anisotropy_matrix_sum_1/r^7": 0.016770212596512263,
    "dipole_moment_normalized_1/r^7": [
        -0.001699635975543442,
        0.002008142982424417,
        0.0016819574452424143
    ],
    "normalized_quadrupole_anisotropy_matrix_1/r^7": [
        [
            0.0,
            0.008385106298256131,
            0.004966419995313956
        ],
        [
            0.008385106298256131,
            0.0,
            0.0034186863029421755
        ],
        [
            0.004966419995313956,
            0.0034186863029421755,
            0.0
        ]
    ],
    "normalized_dipole_anisotropy_matrix_sum_1/r^7": 0.007415557915935718,
    "average_electronegativity": 2.7925981308411214,
    "avg_spectra_anisotropy_matrix": [
        [
            0.0,
            0.007110465694018818,
            0.003589624447157066
        ],
        [
            0.007110465694018818,
            0.0,
            0.00485537607455359
        ],
        [
            0.003589624447157066,
            0.00485537607455359,
            0.0
        ]
    ]
}