{
    "mp-id": "mp-1218137",
    "central_atom": "Cr",
    "band_gap": 2.1056,
    "density": 6.120804986388285,
    "formula": "SrNdCrO4",
    "space_group_number": 107,
    "space_group_symbol": "I4mm",
    "steinhart_parameter_sum 1/r^7": 4.481566966051723e-05,
    "electronegativity_std": 1.110113546258252,
    "quadrupole_moment_normalized_1/r^7": [
        [
            -0.1184771051952339,
            0.002389457010268297,
            -0.007249095558227711
        ],
        [
            0.002389457010268297,
            -0.11804235435509483,
            -0.007938500632160235
        ],
        [
            -0.007249095558227711,
            -0.007938500632160235,
            -0.09657536127749405
        ]
    ],
    "normalized_dipole_anisotropy_matrix_1/r^7": [
        [
            0.0,
            0.0002905572196418983,
            0.013205542312817679
        ],
        [
            0.0002905572196418983,
            0.0,
            0.013496099532459576
        ],
        [
            0.013205542312817679,
            0.013496099532459576,
            0.0
        ]
    ],
    "normalized_quadrupole_anisotropy_matrix_sum_1/r^7": 0.057764682852624316,
    "dipole_moment_normalized_1/r^7": [
        0.003055209672742534,
        0.0033457668923844324,
        -0.010150332640075144
    ],
    "normalized_quadrupole_anisotropy_matrix_1/r^7": [
        [
            0.0,
            0.0288823413434095,
            0.028882341426312158
        ],
        [
            0.0288823413434095,
            0.0,
            8.290265696153654e-11
        ],
        [
            0.028882341426312158,
            8.290265696153654e-11,
            0.0
        ]
    ],
    "normalized_dipole_anisotropy_matrix_sum_1/r^7": 0.026992199064919155,
    "average_electronegativity": 2.4693014705882352,
    "avg_spectra_anisotropy_matrix": [
        [
            0.0,
            0.0602576594719238,
            0.060258337601782515
        ],
        [
            0.0602576594719238,
            0.0,
            2.9474383728906143e-06
        ],
        [
            0.060258337601782515,
            2.9474383728906143e-06,
            0.0
        ]
    ]
}