{
    "mp-id": "mp-1038594",
    "central_atom": "Cr",
    "band_gap": 0.46919999999999906,
    "density": 3.6646503644565023,
    "formula": "Mg30NbCrO32",
    "space_group_number": 123,
    "space_group_symbol": "P4/mmm",
    "steinhart_parameter_sum 1/r^7": 1.605435411975017e-05,
    "electronegativity_std": 1.0584773939715546,
    "quadrupole_moment_normalized_1/r^7": [
        [
            -0.06749356767667235,
            4.1076862777097295e-18,
            -1.1248597539537109e-17
        ],
        [
            4.1076862777097295e-18,
            -0.06749356767667236,
            -7.994720472659714e-18
        ],
        [
            -1.1248597539537109e-17,
            -7.994720472659714e-18,
            -0.04015641092303059
        ]
    ],
    "normalized_dipole_anisotropy_matrix_1/r^7": [
        [
            0.0,
            2.263433500719061e-17,
            4.9387897115997286e-17
        ],
        [
            2.263433500719061e-17,
            0.0,
            2.6753562108806678e-17
        ],
        [
            4.9387897115997286e-17,
            2.6753562108806678e-17,
            0.0
        ]
    ],
    "normalized_quadrupole_anisotropy_matrix_sum_1/r^7": 0.05467431350728352,
    "dipole_moment_normalized_1/r^7": [
        -4.90480251459115e-17,
        -2.641369013872089e-17,
        3.39871970085788e-19
    ],
    "normalized_quadrupole_anisotropy_matrix_1/r^7": [
        [
            0.0,
            0.027337156753641748,
            1.3877787807814457e-17
        ],
        [
            0.027337156753641748,
            0.0,
            0.02733715675364176
        ],
        [
            1.3877787807814457e-17,
            0.02733715675364176,
            0.0
        ]
    ],
    "normalized_dipole_anisotropy_matrix_sum_1/r^7": 9.877579423199457e-17,
    "average_electronegativity": 2.3854471544715445,
    "avg_spectra_anisotropy_matrix": [
        [
            0.0,
            0.032507476585501134,
            9.325943065489702e-08
        ],
        [
            0.032507476585501134,
            0.0,
            0.03250749110457389
        ],
        [
            9.325943065489702e-08,
            0.03250749110457389,
            0.0
        ]
    ]
}