{
    "mp-id": "mp-1209300",
    "central_atom": "Cr",
    "band_gap": 1.4565000000000001,
    "density": 3.590839314512536,
    "formula": "Rb3CrO8",
    "space_group_number": 121,
    "space_group_symbol": "I-42m",
    "steinhart_parameter_sum 1/r^7": 7.850380877400201e-05,
    "electronegativity_std": 1.1478614969694674,
    "quadrupole_moment_normalized_1/r^7": [
        [
            -0.09351030123765423,
            0.003973186616808642,
            -0.0036997943221648857
        ],
        [
            0.003973186616808642,
            -0.08957245307644622,
            -0.0059626075760970745
        ],
        [
            -0.0036997943221648857,
            -0.0059626075760970745,
            -0.09042333652332753
        ]
    ],
    "normalized_dipole_anisotropy_matrix_1/r^7": [
        [
            0.0,
            6.439860205750039e-13,
            5.811151014972489e-13
        ],
        [
            6.439860205750039e-13,
            0.0,
            1.2251011220722527e-12
        ],
        [
            5.811151014972489e-13,
            1.2251011220722527e-12,
            0.0
        ]
    ],
    "normalized_quadrupole_anisotropy_matrix_sum_1/r^7": 0.02884178483368177,
    "dipole_moment_normalized_1/r^7": [
        -1.0530164806222782e-12,
        -1.6970025011972821e-12,
        -4.719013791250294e-13
    ],
    "normalized_quadrupole_anisotropy_matrix_1/r^7": [
        [
            0.0,
            0.014420892412723624,
            0.014420892416840886
        ],
        [
            0.014420892412723624,
            0.0,
            4.117262086822393e-12
        ],
        [
            0.014420892416840886,
            4.117262086822393e-12,
            0.0
        ]
    ],
    "normalized_dipole_anisotropy_matrix_sum_1/r^7": 2.4502022441445055e-12,
    "average_electronegativity": 2.6324651162790698,
    "avg_spectra_anisotropy_matrix": [
        [
            0.0,
            0.09095172961379228,
            0.09095281910056349
        ],
        [
            0.09095172961379228,
            0.0,
            2.035387903537297e-06
        ],
        [
            0.09095281910056349,
            2.035387903537297e-06,
            0.0
        ]
    ]
}