{
    "mp-id": "mp-1031901",
    "central_atom": "Cr",
    "band_gap": 2.4336,
    "density": 3.6027538967427812,
    "formula": "CaMg6CrO8",
    "space_group_number": 123,
    "space_group_symbol": "P4/mmm",
    "steinhart_parameter_sum 1/r^7": 1.875318946698068e-05,
    "electronegativity_std": 1.0691208192023438,
    "quadrupole_moment_normalized_1/r^7": [
        [
            -0.05310271532612171,
            5.2020528455622855e-18,
            2.838273619775729e-18
        ],
        [
            5.2020528455622855e-18,
            -0.05310271532612171,
            2.661879008510021e-18
        ],
        [
            2.838273619775729e-18,
            2.661879008510021e-18,
            -0.08977032351808313
        ]
    ],
    "normalized_dipole_anisotropy_matrix_1/r^7": [
        [
            0.0,
            7.175957250020026e-19,
            3.5777877598633595e-17
        ],
        [
            7.175957250020026e-19,
            0.0,
            3.506028187363159e-17
        ],
        [
            3.5777877598633595e-17,
            3.506028187363159e-17,
            0.0
        ]
    ],
    "normalized_quadrupole_anisotropy_matrix_sum_1/r^7": 0.07333521638392286,
    "dipole_moment_normalized_1/r^7": [
        9.46612258115884e-19,
        2.2901653311388145e-19,
        -3.483126534051771e-17
    ],
    "normalized_quadrupole_anisotropy_matrix_1/r^7": [
        [
            0.0,
            6.938893903907228e-18,
            0.03666760819196142
        ],
        [
            6.938893903907228e-18,
            0.0,
            0.03666760819196143
        ],
        [
            0.03666760819196142,
            0.03666760819196143,
            0.0
        ]
    ],
    "normalized_dipole_anisotropy_matrix_sum_1/r^7": 7.155575519726719e-17,
    "average_electronegativity": 2.426685552407932,
    "avg_spectra_anisotropy_matrix": [
        [
            0.0,
            1.4047914685214397e-07,
            0.043657724658717194
        ],
        [
            1.4047914685214397e-07,
            0.0,
            0.043657725940038285
        ],
        [
            0.043657724658717194,
            0.043657725940038285,
            0.0
        ]
    ]
}