{
    "mp-id": "mp-1522086",
    "central_atom": "Cr",
    "band_gap": 2.4074,
    "density": 5.428715331261087,
    "formula": "CaNdZrCrO6",
    "space_group_number": 216,
    "space_group_symbol": "F-43m",
    "steinhart_parameter_sum 1/r^7": 3.9979222180457535e-05,
    "electronegativity_std": 1.0869701004065435,
    "quadrupole_moment_normalized_1/r^7": [
        [
            -0.12645397620915635,
            -3.1048846947308955e-17,
            -6.931399078992851e-17
        ],
        [
            -3.1048846947308955e-17,
            -0.12645397620915572,
            9.157696709239868e-17
        ],
        [
            -6.931399078992851e-17,
            9.157696709239868e-17,
            -0.1264539762091558
        ]
    ],
    "normalized_dipole_anisotropy_matrix_1/r^7": [
        [
            0.0,
            9.659662947434326e-17,
            7.734680079090885e-17
        ],
        [
            9.659662947434326e-17,
            0.0,
            1.739434302652521e-16
        ],
        [
            7.734680079090885e-17,
            1.739434302652521e-16,
            0.0
        ]
    ],
    "normalized_quadrupole_anisotropy_matrix_sum_1/r^7": 1.4432899320127035e-15,
    "dipole_moment_normalized_1/r^7": [
        -5.790309015092114e-20,
        -9.665453256449419e-17,
        7.728889770075792e-17
    ],
    "normalized_quadrupole_anisotropy_matrix_1/r^7": [
        [
            0.0,
            7.216449660063518e-16,
            4.996003610813204e-16
        ],
        [
            7.216449660063518e-16,
            0.0,
            2.220446049250313e-16
        ],
        [
            4.996003610813204e-16,
            2.220446049250313e-16,
            0.0
        ]
    ],
    "normalized_dipole_anisotropy_matrix_sum_1/r^7": 3.478868605305042e-16,
    "average_electronegativity": 2.546415770609319,
    "avg_spectra_anisotropy_matrix": [
        [
            0.0,
            4.799740696761031e-06,
            4.798487592445666e-06
        ],
        [
            4.799740696761031e-06,
            0.0,
            1.6622847722301388e-07
        ],
        [
            4.798487592445666e-06,
            1.6622847722301388e-07,
            0.0
        ]
    ]
}