{
    "mp-id": "mp-1039661",
    "central_atom": "Cr",
    "band_gap": 3.5936999999999992,
    "density": 3.574317971413017,
    "formula": "RbMg30CrO32",
    "space_group_number": 123,
    "space_group_symbol": "P4/mmm",
    "steinhart_parameter_sum 1/r^7": 2.7108977306456735e-05,
    "electronegativity_std": 1.0707729913936597,
    "quadrupole_moment_normalized_1/r^7": [
        [
            -0.0733783528857495,
            4.48475076399408e-18,
            -8.172079117985829e-19
        ],
        [
            4.48475076399408e-18,
            -0.0733783528857495,
            -1.0329566791766193e-18
        ],
        [
            -8.172079117985829e-19,
            -1.0329566791766193e-18,
            -0.13563296336314215
        ]
    ],
    "normalized_dipole_anisotropy_matrix_1/r^7": [
        [
            0.0,
            1.9477609688042578e-19,
            5.272235965055339e-17
        ],
        [
            1.9477609688042578e-19,
            0.0,
            5.252758355367296e-17
        ],
        [
            5.272235965055339e-17,
            5.252758355367296e-17,
            0.0
        ]
    ],
    "normalized_quadrupole_anisotropy_matrix_sum_1/r^7": 0.12450922095478534,
    "dipole_moment_normalized_1/r^7": [
        -1.7571283680909828e-18,
        -1.562352271210557e-18,
        5.0965231282462404e-17
    ],
    "normalized_quadrupole_anisotropy_matrix_1/r^7": [
        [
            0.0,
            1.3877787807814457e-17,
            0.062254610477392655
        ],
        [
            1.3877787807814457e-17,
            0.0,
            0.06225461047739267
        ],
        [
            0.062254610477392655,
            0.06225461047739267,
            0.0
        ]
    ],
    "normalized_dipole_anisotropy_matrix_sum_1/r^7": 1.0544471930110678e-16,
    "average_electronegativity": 2.3740921409214093,
    "avg_spectra_anisotropy_matrix": [
        [
            0.0,
            1.3275810961914061e-07,
            0.05818378742623697
        ],
        [
            1.3275810961914061e-07,
            0.0,
            0.05818379068390948
        ],
        [
            0.05818378742623697,
            0.05818379068390948,
            0.0
        ]
    ]
}