{
    "mp-id": "mp-1523067",
    "central_atom": "Cr",
    "band_gap": 0.0,
    "density": 7.614775374471353,
    "formula": "EuHfCrSnO6",
    "space_group_number": 216,
    "space_group_symbol": "F-43m",
    "steinhart_parameter_sum 1/r^7": 3.900075457130584e-05,
    "electronegativity_std": 0.949706253999252,
    "quadrupole_moment_normalized_1/r^7": [
        [
            -0.12440173713272915,
            -1.5047236173999166e-16,
            1.6813543717018547e-17
        ],
        [
            -1.5047236173999166e-16,
            -0.12440173713272908,
            3.2329553530802135e-17
        ],
        [
            1.6813543717018547e-17,
            3.2329553530802135e-17,
            -0.12440173713272894
        ]
    ],
    "normalized_dipole_anisotropy_matrix_1/r^7": [
        [
            0.0,
            9.610026661224228e-17,
            2.86074412999427e-17
        ],
        [
            9.610026661224228e-17,
            0.0,
            1.2470770791218498e-16
        ],
        [
            2.86074412999427e-17,
            1.2470770791218498e-16,
            0.0
        ]
    ],
    "normalized_quadrupole_anisotropy_matrix_sum_1/r^7": 6.938893903907228e-16,
    "dipole_moment_normalized_1/r^7": [
        -2.9967776213233107e-17,
        -1.2606804282547538e-16,
        -1.3603349132904063e-18
    ],
    "normalized_quadrupole_anisotropy_matrix_1/r^7": [
        [
            0.0,
            3.3306690738754696e-16,
            1.3877787807814457e-17
        ],
        [
            3.3306690738754696e-16,
            0.0,
            3.469446951953614e-16
        ],
        [
            1.3877787807814457e-17,
            3.469446951953614e-16,
            0.0
        ]
    ],
    "normalized_dipole_anisotropy_matrix_sum_1/r^7": 2.4941541582436996e-16,
    "average_electronegativity": 2.6686738351254484,
    "avg_spectra_anisotropy_matrix": [
        [
            0.0,
            5.7308418491007e-07,
            6.257078932738389e-07
        ],
        [
            5.7308418491007e-07,
            0.0,
            3.0947561664187206e-07
        ],
        [
            6.257078932738389e-07,
            3.0947561664187206e-07,
            0.0
        ]
    ]
}