{
    "mp-id": "mp-1446049",
    "central_atom": "Cr",
    "band_gap": 0.0,
    "density": 5.098156921319287,
    "formula": "LaCrNiO6",
    "space_group_number": 1,
    "space_group_symbol": "P1",
    "steinhart_parameter_sum 1/r^7": 0.0006364642116723304,
    "electronegativity_std": 0.9031418573318144,
    "quadrupole_moment_normalized_1/r^7": [
        [
            -0.58526287772393,
            0.027331597986944192,
            -0.38263103537722515
        ],
        [
            0.027331597986944192,
            -0.12140179037884627,
            -0.024427481387652546
        ],
        [
            -0.38263103537722515,
            -0.024427481387652546,
            -0.24206631258878653
        ]
    ],
    "normalized_dipole_anisotropy_matrix_1/r^7": [
        [
            0.0,
            0.43241430121446617,
            0.07579278794365624
        ],
        [
            0.43241430121446617,
            0.0,
            0.35662151327080993
        ],
        [
            0.07579278794365624,
            0.35662151327080993,
            0.0
        ]
    ],
    "normalized_quadrupole_anisotropy_matrix_sum_1/r^7": 1.6960191871575043,
    "dipole_moment_normalized_1/r^7": [
        -0.44244031881387713,
        -0.010026017599410983,
        -0.3666475308702209
    ],
    "normalized_quadrupole_anisotropy_matrix_1/r^7": [
        [
            0.0,
            0.8480095935787522,
            0.7026908884473064
        ],
        [
            0.8480095935787522,
            0.0,
            0.14531870513144568
        ],
        [
            0.7026908884473064,
            0.14531870513144568,
            0.0
        ]
    ],
    "normalized_dipole_anisotropy_matrix_sum_1/r^7": 0.8648286024289323,
    "average_electronegativity": 2.8259860383944155,
    "avg_spectra_anisotropy_matrix": [
        [
            0.0,
            0.20419986295954962,
            0.20222427669014423
        ],
        [
            0.20419986295954962,
            0.0,
            0.015718871331916084
        ],
        [
            0.20222427669014423,
            0.015718871331916084,
            0.0
        ]
    ]
}