{
    "mp-id": "mp-1226313",
    "central_atom": "Cr",
    "band_gap": 0.0,
    "density": 5.39333395535818,
    "formula": "CrMoO3",
    "space_group_number": 146,
    "space_group_symbol": "R3",
    "steinhart_parameter_sum 1/r^7": 3.5137898044952434e-05,
    "electronegativity_std": 0.7697302414686826,
    "quadrupole_moment_normalized_1/r^7": [
        [
            -0.0842375746719541,
            -0.004337030324130514,
            -0.005884470940246026
        ],
        [
            -0.004337030324130514,
            -0.08301131532732811,
            -0.005111090053654483
        ],
        [
            -0.005884470940246026,
            -0.005111090053654483,
            -0.08617900282271831
        ]
    ],
    "normalized_dipole_anisotropy_matrix_1/r^7": [
        [
            0.0,
            0.0012640577997125799,
            0.00171657560270852
        ],
        [
            0.0012640577997125799,
            0.0,
            0.0029806334024211
        ],
        [
            0.00171657560270852,
            0.0029806334024211,
            0.0
        ]
    ],
    "normalized_quadrupole_anisotropy_matrix_sum_1/r^7": 0.031390047155328754,
    "dipole_moment_normalized_1/r^7": [
        0.009617914688816958,
        0.008353856889104378,
        0.011334490291525478
    ],
    "normalized_quadrupole_anisotropy_matrix_1/r^7": [
        [
            0.0,
            0.0156950235776641,
            0.015695023577664377
        ],
        [
            0.0156950235776641,
            0.0,
            2.7755575615628914e-16
        ],
        [
            0.015695023577664377,
            2.7755575615628914e-16,
            0.0
        ]
    ],
    "normalized_dipole_anisotropy_matrix_sum_1/r^7": 0.0059612668048422,
    "average_electronegativity": 2.814772344013491,
    "avg_spectra_anisotropy_matrix": [
        [
            0.0,
            0.013668114745737252,
            0.013668275798336047
        ],
        [
            0.013668114745737252,
            0.0,
            4.785770179092995e-07
        ],
        [
            0.013668275798336047,
            4.785770179092995e-07,
            0.0
        ]
    ]
}