{
    "mp-id": "mp-1518805",
    "central_atom": "Cr",
    "band_gap": 0.021500000000000002,
    "density": 8.058682771480054,
    "formula": "NdEuHfCrO6",
    "space_group_number": 216,
    "space_group_symbol": "F-43m",
    "steinhart_parameter_sum 1/r^7": 3.801572114951107e-05,
    "electronegativity_std": 1.0561868605240867,
    "quadrupole_moment_normalized_1/r^7": [
        [
            -0.12166217342274034,
            8.16031541384793e-17,
            2.278942144587695e-18
        ],
        [
            8.16031541384793e-17,
            -0.12166217342274115,
            1.4228459447977737e-17
        ],
        [
            2.278942144587695e-18,
            1.4228459447977737e-17,
            -0.12166217342274036
        ]
    ],
    "normalized_dipole_anisotropy_matrix_1/r^7": [
        [
            0.0,
            1.4242795480610016e-16,
            1.7226087872487025e-16
        ],
        [
            1.4242795480610016e-16,
            0.0,
            2.9832923918770085e-17
        ],
        [
            1.7226087872487025e-16,
            2.9832923918770085e-17,
            0.0
        ]
    ],
    "normalized_quadrupole_anisotropy_matrix_sum_1/r^7": 1.6653345369377348e-15,
    "dipole_moment_normalized_1/r^7": [
        -7.255631286621133e-17,
        6.987164193988883e-17,
        9.970456585865891e-17
    ],
    "normalized_quadrupole_anisotropy_matrix_1/r^7": [
        [
            0.0,
            8.326672684688674e-16,
            8.049116928532385e-16
        ],
        [
            8.326672684688674e-16,
            0.0,
            2.7755575615628914e-17
        ],
        [
            8.049116928532385e-16,
            2.7755575615628914e-17,
            0.0
        ]
    ],
    "normalized_dipole_anisotropy_matrix_sum_1/r^7": 3.445217574497405e-16,
    "average_electronegativity": 2.568745519713262,
    "avg_spectra_anisotropy_matrix": [
        [
            0.0,
            2.8977799145100894e-06,
            2.8482160060984828e-06
        ],
        [
            2.8977799145100894e-06,
            0.0,
            2.7769177941206616e-07
        ],
        [
            2.8482160060984828e-06,
            2.7769177941206616e-07,
            0.0
        ]
    ]
}