{
    "mp-id": "mp-1042475",
    "central_atom": "Cr",
    "band_gap": 0.0,
    "density": 5.877279882197586,
    "formula": "BaYCrCuO5",
    "space_group_number": 99,
    "space_group_symbol": "P4mm",
    "steinhart_parameter_sum 1/r^7": 4.4940692391604026e-05,
    "electronegativity_std": 1.053029879583632,
    "quadrupole_moment_normalized_1/r^7": [
        [
            -0.10533246831783473,
            5.240653745775693e-18,
            6.007715039275917e-18
        ],
        [
            5.240653745775693e-18,
            -0.10533246831783472,
            2.3170586272141386e-18
        ],
        [
            6.007715039275917e-18,
            2.3170586272141386e-18,
            -0.08190717742743873
        ]
    ],
    "normalized_dipole_anisotropy_matrix_1/r^7": [
        [
            0.0,
            7.336867828822622e-18,
            0.018054620861563477
        ],
        [
            7.336867828822622e-18,
            0.0,
            0.018054620861563484
        ],
        [
            0.018054620861563477,
            0.018054620861563484,
            0.0
        ]
    ],
    "normalized_quadrupole_anisotropy_matrix_sum_1/r^7": 0.04685058178079199,
    "dipole_moment_normalized_1/r^7": [
        -6.9357712585181095e-18,
        4.010965703045129e-19,
        -0.018054620861563484
    ],
    "normalized_quadrupole_anisotropy_matrix_1/r^7": [
        [
            0.0,
            0.023425290890395994,
            6.938893903907228e-17
        ],
        [
            0.023425290890395994,
            0.0,
            0.023425290890395925
        ],
        [
            6.938893903907228e-17,
            0.023425290890395925,
            0.0
        ]
    ],
    "normalized_dipole_anisotropy_matrix_sum_1/r^7": 0.03610924172312697,
    "average_electronegativity": 2.4870357142857142,
    "avg_spectra_anisotropy_matrix": [
        [
            0.0,
            0.03087834697545752,
            2.927886060624109e-07
        ],
        [
            0.03087834697545752,
            0.0,
            0.030878353146430903
        ],
        [
            2.927886060624109e-07,
            0.030878353146430903,
            0.0
        ]
    ]
}