{
    "mp-id": "mp-1031588",
    "central_atom": "Cr",
    "band_gap": 2.0555,
    "density": 3.893927435328348,
    "formula": "Mg6VCrO8",
    "space_group_number": 123,
    "space_group_symbol": "P4/mmm",
    "steinhart_parameter_sum 1/r^7": 1.618130194217913e-05,
    "electronegativity_std": 1.031357897236552,
    "quadrupole_moment_normalized_1/r^7": [
        [
            -0.0674574568575769,
            5.640027922238843e-18,
            1.9424219147796532e-18
        ],
        [
            5.640027922238843e-18,
            -0.0674574568575769,
            2.1277467635028025e-18
        ],
        [
            1.9424219147796532e-18,
            2.1277467635028025e-18,
            -0.04616516645106411
        ]
    ],
    "normalized_dipole_anisotropy_matrix_1/r^7": [
        [
            0.0,
            1.2102141737422015e-18,
            3.745140325932269e-18
        ],
        [
            1.2102141737422015e-18,
            0.0,
            4.9553544996744706e-18
        ],
        [
            3.745140325932269e-18,
            4.9553544996744706e-18,
            0.0
        ]
    ],
    "normalized_quadrupole_anisotropy_matrix_sum_1/r^7": 0.0425845808130256,
    "dipole_moment_normalized_1/r^7": [
        1.41329032284642e-18,
        2.030761491042185e-19,
        5.158430648778689e-18
    ],
    "normalized_quadrupole_anisotropy_matrix_1/r^7": [
        [
            0.0,
            1.3877787807814457e-17,
            0.021292290406512787
        ],
        [
            1.3877787807814457e-17,
            0.0,
            0.0212922904065128
        ],
        [
            0.021292290406512787,
            0.0212922904065128,
            0.0
        ]
    ],
    "normalized_dipole_anisotropy_matrix_sum_1/r^7": 9.910708999348941e-18,
    "average_electronegativity": 2.4385872576177285,
    "avg_spectra_anisotropy_matrix": [
        [
            0.0,
            9.461597335738033e-08,
            0.027135691103576876
        ],
        [
            9.461597335738033e-08,
            0.0,
            0.027135705347653166
        ],
        [
            0.027135691103576876,
            0.027135705347653166,
            0.0
        ]
    ]
}