{
    "mp-id": "mp-1517595",
    "central_atom": "Cr",
    "band_gap": 0.1804,
    "density": 6.378514619854689,
    "formula": "BaCaCrBiO6",
    "space_group_number": 216,
    "space_group_symbol": "F-43m",
    "steinhart_parameter_sum 1/r^7": 3.6186122545079426e-05,
    "electronegativity_std": 1.017374481610568,
    "quadrupole_moment_normalized_1/r^7": [
        [
            -0.11363740339437209,
            -2.8927869214628865e-17,
            5.1940060325633697e-17
        ],
        [
            -2.8927869214628865e-17,
            -0.11363740339437153,
            -4.8503224142149373e-17
        ],
        [
            5.1940060325633697e-17,
            -4.8503224142149373e-17,
            -0.1136374033943719
        ]
    ],
    "normalized_dipole_anisotropy_matrix_1/r^7": [
        [
            0.0,
            6.030149312489532e-17,
            3.2581969349083917e-17
        ],
        [
            6.030149312489532e-17,
            0.0,
            2.7719523775811402e-17
        ],
        [
            3.2581969349083917e-17,
            2.7719523775811402e-17,
            0.0
        ]
    ],
    "normalized_quadrupole_anisotropy_matrix_sum_1/r^7": 1.1379786002407855e-15,
    "dipole_moment_normalized_1/r^7": [
        -3.93797793277141e-17,
        2.0921713797181218e-17,
        -6.797809978630184e-18
    ],
    "normalized_quadrupole_anisotropy_matrix_1/r^7": [
        [
            0.0,
            2.636779683484747e-16,
            5.689893001203927e-16
        ],
        [
            2.636779683484747e-16,
            0.0,
            3.0531133177191805e-16
        ],
        [
            5.689893001203927e-16,
            3.0531133177191805e-16,
            0.0
        ]
    ],
    "normalized_dipole_anisotropy_matrix_sum_1/r^7": 1.2060298624979064e-16,
    "average_electronegativity": 2.7152156862745103,
    "avg_spectra_anisotropy_matrix": [
        [
            0.0,
            6.850917599540385e-06,
            6.8333318651817844e-06
        ],
        [
            6.850917599540385e-06,
            0.0,
            8.894662335088738e-07
        ],
        [
            6.8333318651817844e-06,
            8.894662335088738e-07,
            0.0
        ]
    ]
}