{
    "mp-id": "mp-1032507",
    "central_atom": "Cr",
    "band_gap": 1.6177000000000001,
    "density": 4.07352835464413,
    "formula": "Mg6ZnCrO8",
    "space_group_number": 123,
    "space_group_symbol": "P4/mmm",
    "steinhart_parameter_sum 1/r^7": 1.721779397066306e-05,
    "electronegativity_std": 1.032419475973104,
    "quadrupole_moment_normalized_1/r^7": [
        [
            -0.06116221215115728,
            3.127669157736504e-18,
            -2.3274347808180038e-18
        ],
        [
            3.127669157736504e-18,
            -0.061162212151157254,
            -2.728928397816542e-18
        ],
        [
            -2.3274347808180038e-18,
            -2.728928397816542e-18,
            -0.07579272264832736
        ]
    ],
    "normalized_dipole_anisotropy_matrix_1/r^7": [
        [
            0.0,
            1.1699642583950023e-18,
            5.993605134771429e-18
        ],
        [
            1.1699642583950023e-18,
            0.0,
            4.823640876376427e-18
        ],
        [
            5.993605134771429e-18,
            4.823640876376427e-18,
            0.0
        ]
    ],
    "normalized_quadrupole_anisotropy_matrix_sum_1/r^7": 0.029261020994340206,
    "dipole_moment_normalized_1/r^7": [
        2.912311030897098e-18,
        1.7423467725020958e-18,
        -3.081294103874331e-18
    ],
    "normalized_quadrupole_anisotropy_matrix_1/r^7": [
        [
            0.0,
            2.7755575615628914e-17,
            0.014630510497170075
        ],
        [
            2.7755575615628914e-17,
            0.0,
            0.014630510497170103
        ],
        [
            0.014630510497170075,
            0.014630510497170103,
            0.0
        ]
    ],
    "normalized_dipole_anisotropy_matrix_sum_1/r^7": 1.1987210269542858e-17,
    "average_electronegativity": 2.4152574525745254,
    "avg_spectra_anisotropy_matrix": [
        [
            0.0,
            1.5764467013109627e-07,
            0.022146776201607963
        ],
        [
            1.5764467013109627e-07,
            0.0,
            0.022146767138415513
        ],
        [
            0.022146776201607963,
            0.022146767138415513,
            0.0
        ]
    ]
}