{
    "mp-id": "mp-1518480",
    "central_atom": "Cr",
    "band_gap": 0.0,
    "density": 6.325596202197018,
    "formula": "CaLaCrBiO6",
    "space_group_number": 216,
    "space_group_symbol": "F-43m",
    "steinhart_parameter_sum 1/r^7": 4.0993716838278154e-05,
    "electronegativity_std": 0.9860984055151276,
    "quadrupole_moment_normalized_1/r^7": [
        [
            -0.12316832380328878,
            -2.5528262776154328e-17,
            -1.9203719221912684e-17
        ],
        [
            -2.5528262776154328e-17,
            -0.12316832380328911,
            -2.2928440728345063e-17
        ],
        [
            -1.9203719221912684e-17,
            -2.2928440728345063e-17,
            -0.1231683238032887
        ]
    ],
    "normalized_dipole_anisotropy_matrix_1/r^7": [
        [
            0.0,
            2.5476858464167833e-16,
            3.0561398723188385e-17
        ],
        [
            2.5476858464167833e-16,
            0.0,
            2.2420718591848994e-16
        ],
        [
            3.0561398723188385e-17,
            2.2420718591848994e-16,
            0.0
        ]
    ],
    "normalized_quadrupole_anisotropy_matrix_sum_1/r^7": 9.992007221626409e-16,
    "dipole_moment_normalized_1/r^7": [
        -9.627191190035166e-18,
        2.4514139345164316e-16,
        2.093420753315322e-17
    ],
    "normalized_quadrupole_anisotropy_matrix_1/r^7": [
        [
            0.0,
            4.163336342344337e-16,
            8.326672684688674e-17
        ],
        [
            4.163336342344337e-16,
            0.0,
            4.996003610813204e-16
        ],
        [
            8.326672684688674e-17,
            4.996003610813204e-16,
            0.0
        ]
    ],
    "normalized_dipole_anisotropy_matrix_sum_1/r^7": 5.095371692833567e-16,
    "average_electronegativity": 2.733333333333334,
    "avg_spectra_anisotropy_matrix": [
        [
            0.0,
            3.86149164024803e-06,
            3.8546355577168275e-06
        ],
        [
            3.86149164024803e-06,
            0.0,
            6.66063281204256e-07
        ],
        [
            3.8546355577168275e-06,
            6.66063281204256e-07,
            0.0
        ]
    ]
}