{
    "mp-id": "mp-1521023",
    "central_atom": "Cr",
    "band_gap": 0.0,
    "density": 7.161207388283801,
    "formula": "SrEuCrBiO6",
    "space_group_number": 216,
    "space_group_symbol": "F-43m",
    "steinhart_parameter_sum 1/r^7": 3.757789757758849e-05,
    "electronegativity_std": 0.9799087357169987,
    "quadrupole_moment_normalized_1/r^7": [
        [
            -0.11505795637685952,
            7.995567505606968e-18,
            2.827311274640129e-17
        ],
        [
            7.995567505606968e-18,
            -0.11505795637685924,
            -7.6026553911553e-17
        ],
        [
            2.827311274640129e-17,
            -7.6026553911553e-17,
            -0.11505795637685938
        ]
    ],
    "normalized_dipole_anisotropy_matrix_1/r^7": [
        [
            0.0,
            1.1038050295140311e-16,
            1.6040241746331004e-16
        ],
        [
            1.1038050295140311e-16,
            0.0,
            5.002191451190693e-17
        ],
        [
            1.6040241746331004e-16,
            5.002191451190693e-17,
            0.0
        ]
    ],
    "normalized_quadrupole_anisotropy_matrix_sum_1/r^7": 6.661338147750939e-16,
    "dipole_moment_normalized_1/r^7": [
        1.0944703293885947e-16,
        -9.334700125436415e-19,
        -5.095538452445057e-17
    ],
    "normalized_quadrupole_anisotropy_matrix_1/r^7": [
        [
            0.0,
            1.5265566588595902e-16,
            3.3306690738754696e-16
        ],
        [
            1.5265566588595902e-16,
            0.0,
            1.8041124150158794e-16
        ],
        [
            3.3306690738754696e-16,
            1.8041124150158794e-16,
            0.0
        ]
    ],
    "normalized_dipole_anisotropy_matrix_sum_1/r^7": 3.208048349266201e-16,
    "average_electronegativity": 2.73764705882353,
    "avg_spectra_anisotropy_matrix": [
        [
            0.0,
            3.25908516054269e-06,
            4.152048614214645e-06
        ],
        [
            3.25908516054269e-06,
            0.0,
            4.984748698888854e-06
        ],
        [
            4.152048614214645e-06,
            4.984748698888854e-06,
            0.0
        ]
    ]
}