{
    "mp-id": "mp-1247672",
    "central_atom": "Cr",
    "band_gap": 0.0,
    "density": 4.281771369720372,
    "formula": "Ca4Mn3CrO12",
    "space_group_number": 123,
    "space_group_symbol": "P4/mmm",
    "steinhart_parameter_sum 1/r^7": 4.445698008676579e-05,
    "electronegativity_std": 1.0839693100547074,
    "quadrupole_moment_normalized_1/r^7": [
        [
            -0.15140383679705777,
            1.2016856422696759e-17,
            -1.1174799131273164e-17
        ],
        [
            1.2016856422696759e-17,
            -0.15140383679705777,
            -1.061076635261444e-17
        ],
        [
            -1.1174799131273164e-17,
            -1.061076635261444e-17,
            -0.13868957277905153
        ]
    ],
    "normalized_dipole_anisotropy_matrix_1/r^7": [
        [
            0.0,
            2.014350227689133e-19,
            2.8280788982485783e-17
        ],
        [
            2.014350227689133e-19,
            0.0,
            2.807935395971687e-17
        ],
        [
            2.8280788982485783e-17,
            2.807935395971687e-17,
            0.0
        ]
    ],
    "normalized_quadrupole_anisotropy_matrix_sum_1/r^7": 0.025428528036012643,
    "dipole_moment_normalized_1/r^7": [
        -2.793350547411152e-17,
        -2.7732070451342607e-17,
        3.4728350837426314e-19
    ],
    "normalized_quadrupole_anisotropy_matrix_1/r^7": [
        [
            0.0,
            8.326672684688674e-17,
            0.012714264018006238
        ],
        [
            8.326672684688674e-17,
            0.0,
            0.012714264018006322
        ],
        [
            0.012714264018006238,
            0.012714264018006322,
            0.0
        ]
    ],
    "normalized_dipole_anisotropy_matrix_sum_1/r^7": 5.656157796497157e-17,
    "average_electronegativity": 2.5152258064516135,
    "avg_spectra_anisotropy_matrix": [
        [
            0.0,
            2.946031847299664e-07,
            0.007337291739055054
        ],
        [
            2.946031847299664e-07,
            0.0,
            0.0073372797170927605
        ],
        [
            0.007337291739055054,
            0.0073372797170927605,
            0.0
        ]
    ]
}