{
    "mp-id": "mp-1178023",
    "central_atom": "Cr",
    "band_gap": 0.0,
    "density": 4.346877866370996,
    "formula": "Li2CrNiO4",
    "space_group_number": 10,
    "space_group_symbol": "P2/m",
    "steinhart_parameter_sum 1/r^7": 2.7106079563437047e-05,
    "electronegativity_std": 1.0588701048008384,
    "quadrupole_moment_normalized_1/r^7": [
        [
            -0.1050431846614055,
            -2.384281279490608e-17,
            0.008576704438499573
        ],
        [
            -2.384281279490608e-17,
            -0.09403624596060511,
            -4.5312027513368797e-17
        ],
        [
            0.008576704438499573,
            -4.5312027513368797e-17,
            -0.11294204316237505
        ]
    ],
    "normalized_dipole_anisotropy_matrix_1/r^7": [
        [
            0.0,
            2.8885464627706947e-17,
            8.093108643439221e-17
        ],
        [
            2.8885464627706947e-17,
            0.0,
            1.0981655106209916e-16
        ],
        [
            8.093108643439221e-17,
            1.0981655106209916e-16,
            0.0
        ]
    ],
    "normalized_quadrupole_anisotropy_matrix_sum_1/r^7": 0.04879742286634728,
    "dipole_moment_normalized_1/r^7": [
        1.2005897933941656e-17,
        4.0891362561648603e-17,
        -6.892518850045055e-17
    ],
    "normalized_quadrupole_anisotropy_matrix_1/r^7": [
        [
            0.0,
            0.018884686963777042,
            0.02439871143317364
        ],
        [
            0.018884686963777042,
            0.0,
            0.005514024469396597
        ],
        [
            0.02439871143317364,
            0.005514024469396597,
            0.0
        ]
    ],
    "normalized_dipole_anisotropy_matrix_sum_1/r^7": 2.1963310212419832e-16,
    "average_electronegativity": 2.464924623115578,
    "avg_spectra_anisotropy_matrix": [
        [
            0.0,
            0.016948919923174457,
            0.023974894508547142
        ],
        [
            0.016948919923174457,
            0.0,
            0.021774341040976062
        ],
        [
            0.023974894508547142,
            0.021774341040976062,
            0.0
        ]
    ]
}