{
    "mp-id": "mp-1034467",
    "central_atom": "Cr",
    "band_gap": 1.873599999999998,
    "density": 3.693707152904479,
    "formula": "Mg14VCrO16",
    "space_group_number": 123,
    "space_group_symbol": "P4/mmm",
    "steinhart_parameter_sum 1/r^7": 1.5605681239838436e-05,
    "electronegativity_std": 1.0510257682740447,
    "quadrupole_moment_normalized_1/r^7": [
        [
            -0.06095954490476778,
            -1.8507669897506462e-19,
            -7.511276418014322e-18
        ],
        [
            -1.8507669897506462e-19,
            -0.06095954490476785,
            -7.497088616147812e-18
        ],
        [
            -7.511276418014322e-18,
            -7.497088616147812e-18,
            -0.060280040785010716
        ]
    ],
    "normalized_dipole_anisotropy_matrix_1/r^7": [
        [
            0.0,
            5.142236437618371e-17,
            7.661222425502014e-17
        ],
        [
            5.142236437618371e-17,
            0.0,
            2.5189859878836434e-17
        ],
        [
            7.661222425502014e-17,
            2.5189859878836434e-17,
            0.0
        ]
    ],
    "normalized_quadrupole_anisotropy_matrix_sum_1/r^7": 0.0013590082395142367,
    "dipole_moment_normalized_1/r^7": [
        -3.145732135336702e-17,
        1.996504302281669e-17,
        4.5154902901653124e-17
    ],
    "normalized_quadrupole_anisotropy_matrix_1/r^7": [
        [
            0.0,
            0.0006795041197570906,
            2.7755575615628914e-17
        ],
        [
            0.0006795041197570906,
            0.0,
            0.0006795041197571183
        ],
        [
            2.7755575615628914e-17,
            0.0006795041197571183,
            0.0
        ]
    ],
    "normalized_dipole_anisotropy_matrix_sum_1/r^7": 1.5322444851004029e-16,
    "average_electronegativity": 2.3941463414634145,
    "avg_spectra_anisotropy_matrix": [
        [
            0.0,
            0.003777366291309633,
            8.124696705025041e-08
        ],
        [
            0.003777366291309633,
            0.0,
            0.0037773679333291026
        ],
        [
            8.124696705025041e-08,
            0.0037773679333291026,
            0.0
        ]
    ]
}