{
    "mp-id": "mp-1031979",
    "central_atom": "Cr",
    "band_gap": 0.27029999999999904,
    "density": 4.082506763122541,
    "formula": "Mg6CrCoO8",
    "space_group_number": 123,
    "space_group_symbol": "P4/mmm",
    "steinhart_parameter_sum 1/r^7": 1.782134908517129e-05,
    "electronegativity_std": 1.0202697991486203,
    "quadrupole_moment_normalized_1/r^7": [
        [
            -0.06382090749636064,
            5.513337453678241e-18,
            -2.5965794998080577e-18
        ],
        [
            5.513337453678241e-18,
            -0.06382090749636064,
            -3.309992999632992e-18
        ],
        [
            -2.5965794998080577e-18,
            -3.309992999632992e-18,
            -0.07465809247590945
        ]
    ],
    "normalized_dipole_anisotropy_matrix_1/r^7": [
        [
            0.0,
            1.5268827665442831e-18,
            3.294217010990381e-17
        ],
        [
            1.5268827665442831e-18,
            0.0,
            3.1415287343359525e-17
        ],
        [
            3.294217010990381e-17,
            3.1415287343359525e-17,
            0.0
        ]
    ],
    "normalized_quadrupole_anisotropy_matrix_sum_1/r^7": 0.021674369959097606,
    "dipole_moment_normalized_1/r^7": [
        2.1490284663025667e-18,
        6.221456997582836e-19,
        -3.079314164360124e-17
    ],
    "normalized_quadrupole_anisotropy_matrix_1/r^7": [
        [
            0.0,
            1.3877787807814457e-17,
            0.010837184979548803
        ],
        [
            1.3877787807814457e-17,
            0.0,
            0.010837184979548789
        ],
        [
            0.010837184979548803,
            0.010837184979548789,
            0.0
        ]
    ],
    "normalized_dipole_anisotropy_matrix_sum_1/r^7": 6.588434021980762e-17,
    "average_electronegativity": 2.432981029810298,
    "avg_spectra_anisotropy_matrix": [
        [
            0.0,
            2.0879838772365504e-07,
            0.030485612880333097
        ],
        [
            2.0879838772365504e-07,
            0.0,
            0.030485612657446034
        ],
        [
            0.030485612880333097,
            0.030485612657446034,
            0.0
        ]
    ]
}