{
    "mp-id": "mp-1226283",
    "central_atom": "Cr",
    "band_gap": 0.8863000000000001,
    "density": 4.161361585819264,
    "formula": "CrWO3",
    "space_group_number": 146,
    "space_group_symbol": "R3",
    "steinhart_parameter_sum 1/r^7": 4.732650113089868e-05,
    "electronegativity_std": 0.7522317129477087,
    "quadrupole_moment_normalized_1/r^7": [
        [
            -0.05107912919458485,
            0.028491971659362587,
            0.031879778497414864
        ],
        [
            0.028491971659362587,
            -0.054191802424862136,
            0.030185912552947815
        ],
        [
            0.031879778497414864,
            0.030185912552947815,
            -0.047394776646454924
        ]
    ],
    "normalized_dipole_anisotropy_matrix_1/r^7": [
        [
            0.0,
            0.00029299933782823365,
            0.0003278526107409344
        ],
        [
            0.00029299933782823365,
            0.0,
            0.000620851948569168
        ],
        [
            0.0003278526107409344,
            0.000620851948569168,
            0.0
        ]
    ],
    "normalized_quadrupole_anisotropy_matrix_sum_1/r^7": 0.18168805686774214,
    "dipole_moment_normalized_1/r^7": [
        -0.005514458815565875,
        -0.0052214594777376415,
        -0.0058423114263068095
    ],
    "normalized_quadrupole_anisotropy_matrix_1/r^7": [
        [
            0.0,
            0.09084402843387099,
            0.09084402843387107
        ],
        [
            0.09084402843387099,
            0.0,
            8.326672684688674e-17
        ],
        [
            0.09084402843387107,
            8.326672684688674e-17,
            0.0
        ]
    ],
    "normalized_dipole_anisotropy_matrix_sum_1/r^7": 0.001241703897138336,
    "average_electronegativity": 2.8073619631901847,
    "avg_spectra_anisotropy_matrix": [
        [
            0.0,
            0.0825073571590724,
            0.08250747698376125
        ],
        [
            0.0825073571590724,
            0.0,
            5.356227076035442e-07
        ],
        [
            0.08250747698376125,
            5.356227076035442e-07,
            0.0
        ]
    ]
}