{
    "mp-id": "mp-1539400",
    "central_atom": "Cr",
    "band_gap": 2.9169,
    "density": 6.811156788460252,
    "formula": "Sr2TaCrO6",
    "space_group_number": 12,
    "space_group_symbol": "C2/m",
    "steinhart_parameter_sum 1/r^7": 3.419523609274565e-05,
    "electronegativity_std": 1.1068134661671265,
    "quadrupole_moment_normalized_1/r^7": [
        [
            -0.11687182037528838,
            -0.0004395266628911551,
            -0.0009377404253977633
        ],
        [
            -0.0004395266628911551,
            -0.11909497542112579,
            -0.0005304694164256914
        ],
        [
            -0.0009377404253977633,
            -0.0005304694164256914,
            -0.11836690393415356
        ]
    ],
    "normalized_dipole_anisotropy_matrix_1/r^7": [
        [
            0.0,
            3.8570571695510625e-17,
            5.05517997948635e-17
        ],
        [
            3.8570571695510625e-17,
            0.0,
            8.912237149037413e-17
        ],
        [
            5.05517997948635e-17,
            8.912237149037413e-17,
            0.0
        ]
    ],
    "normalized_quadrupole_anisotropy_matrix_sum_1/r^7": 0.00647115803256279,
    "dipole_moment_normalized_1/r^7": [
        1.3779981972186187e-17,
        5.235055366769681e-17,
        -3.6771817822677313e-17
    ],
    "normalized_quadrupole_anisotropy_matrix_1/r^7": [
        [
            0.0,
            0.003235579016281395,
            0.001870727749165732
        ],
        [
            0.003235579016281395,
            0.0,
            0.0013648512671156632
        ],
        [
            0.001870727749165732,
            0.0013648512671156632,
            0.0
        ]
    ],
    "normalized_dipole_anisotropy_matrix_sum_1/r^7": 1.7824474298074825e-16,
    "average_electronegativity": 2.495533333333334,
    "avg_spectra_anisotropy_matrix": [
        [
            0.0,
            0.0023018113437971986,
            0.00300131185614511
        ],
        [
            0.0023018113437971986,
            0.0,
            0.0013809672537144783
        ],
        [
            0.00300131185614511,
            0.0013809672537144783,
            0.0
        ]
    ]
}