{
    "mp-id": "mp-1040818",
    "central_atom": "Cr",
    "band_gap": 0.44329999999999903,
    "density": 5.111148697322554,
    "formula": "LaMnCrO6",
    "space_group_number": 1,
    "space_group_symbol": "P1",
    "steinhart_parameter_sum 1/r^7": 7.895553848881817e-05,
    "electronegativity_std": 0.9685209072379617,
    "quadrupole_moment_normalized_1/r^7": [
        [
            -0.16727496703088873,
            0.0015286489464932393,
            -0.01097497244301259
        ],
        [
            0.0015286489464932393,
            -0.16961759758931963,
            -0.00226996549890759
        ],
        [
            -0.01097497244301259,
            -0.00226996549890759,
            -0.15279347981066901
        ]
    ],
    "normalized_dipole_anisotropy_matrix_1/r^7": [
        [
            0.0,
            0.010693321870445123,
            0.05585301965002232
        ],
        [
            0.010693321870445123,
            0.0,
            0.04515969777957719
        ],
        [
            0.05585301965002232,
            0.04515969777957719,
            0.0
        ]
    ],
    "normalized_quadrupole_anisotropy_matrix_sum_1/r^7": 0.053280942897572736,
    "dipole_moment_normalized_1/r^7": [
        0.021520883362393904,
        0.010827561491948781,
        -0.03433213628762841
    ],
    "normalized_quadrupole_anisotropy_matrix_1/r^7": [
        [
            0.0,
            0.026640471448786368,
            0.02335311759124928
        ],
        [
            0.026640471448786368,
            0.0,
            0.0032873538575370898
        ],
        [
            0.02335311759124928,
            0.0032873538575370898,
            0.0
        ]
    ],
    "normalized_dipole_anisotropy_matrix_sum_1/r^7": 0.11170603930004463,
    "average_electronegativity": 2.7342160278745644,
    "avg_spectra_anisotropy_matrix": [
        [
            0.0,
            0.016345579791701353,
            0.014303656616835391
        ],
        [
            0.016345579791701353,
            0.0,
            0.007324780549026311
        ],
        [
            0.014303656616835391,
            0.007324780549026311,
            0.0
        ]
    ]
}