{
    "mp-id": "mp-1034435",
    "central_atom": "Cr",
    "band_gap": 1.5732,
    "density": 3.7563739788669332,
    "formula": "BaMg14CrO16",
    "space_group_number": 123,
    "space_group_symbol": "P4/mmm",
    "steinhart_parameter_sum 1/r^7": 1.612903251253253e-05,
    "electronegativity_std": 1.0725942980713186,
    "quadrupole_moment_normalized_1/r^7": [
        [
            -0.0647692227127112,
            -1.3446648037662018e-18,
            -2.9252282833427262e-18
        ],
        [
            -1.3446648037662018e-18,
            -0.06476922271271125,
            -8.353862442295537e-20
        ],
        [
            -2.9252282833427262e-18,
            -8.353862442295537e-20,
            -0.04328267230432505
        ]
    ],
    "normalized_dipole_anisotropy_matrix_1/r^7": [
        [
            0.0,
            1.7176213513761507e-17,
            6.723514601244141e-17
        ],
        [
            1.7176213513761507e-17,
            0.0,
            5.0058932498679904e-17
        ],
        [
            6.723514601244141e-17,
            5.0058932498679904e-17,
            0.0
        ]
    ],
    "normalized_quadrupole_anisotropy_matrix_sum_1/r^7": 0.042973100816772386,
    "dipole_moment_normalized_1/r^7": [
        -4.495828537877172e-17,
        -2.778207186501021e-17,
        2.2276860633669692e-17
    ],
    "normalized_quadrupole_anisotropy_matrix_1/r^7": [
        [
            0.0,
            0.02148655040838615,
            4.163336342344337e-17
        ],
        [
            0.02148655040838615,
            0.0,
            0.021486550408386193
        ],
        [
            4.163336342344337e-17,
            0.021486550408386193,
            0.0
        ]
    ],
    "normalized_dipole_anisotropy_matrix_sum_1/r^7": 1.3447029202488282e-16,
    "average_electronegativity": 2.361833810888252,
    "avg_spectra_anisotropy_matrix": [
        [
            0.0,
            0.02872559511454945,
            1.700456113545083e-07
        ],
        [
            0.02872559511454945,
            0.0,
            0.02872560511653244
        ],
        [
            1.700456113545083e-07,
            0.02872560511653244,
            0.0
        ]
    ]
}