{
    "mp-id": "mp-1517794",
    "central_atom": "Cr",
    "band_gap": 1.959699999999999,
    "density": 6.964657932510907,
    "formula": "BaSmCrSnO6",
    "space_group_number": 216,
    "space_group_symbol": "F-43m",
    "steinhart_parameter_sum 1/r^7": 3.47993277883482e-05,
    "electronegativity_std": 1.0657475011251345,
    "quadrupole_moment_normalized_1/r^7": [
        [
            -0.11402209790132294,
            8.647232303577064e-17,
            -8.123151843287147e-17
        ],
        [
            8.647232303577064e-17,
            -0.11402209790132249,
            2.2055546806419904e-17
        ],
        [
            -8.123151843287147e-17,
            2.2055546806419904e-17,
            -0.1140220979013231
        ]
    ],
    "normalized_dipole_anisotropy_matrix_1/r^7": [
        [
            0.0,
            9.765090800826126e-17,
            8.057903836568964e-17
        ],
        [
            9.765090800826126e-17,
            0.0,
            1.7071869642571618e-17
        ],
        [
            8.057903836568964e-17,
            1.7071869642571618e-17,
            0.0
        ]
    ],
    "normalized_quadrupole_anisotropy_matrix_sum_1/r^7": 1.3600232051658168e-15,
    "dipole_moment_normalized_1/r^7": [
        -6.410017119553484e-17,
        3.355073681272642e-17,
        1.6478867170154803e-17
    ],
    "normalized_quadrupole_anisotropy_matrix_1/r^7": [
        [
            0.0,
            2.220446049250313e-16,
            6.800116025829084e-16
        ],
        [
            2.220446049250313e-16,
            0.0,
            4.579669976578771e-16
        ],
        [
            6.800116025829084e-16,
            4.579669976578771e-16,
            0.0
        ]
    ],
    "normalized_dipole_anisotropy_matrix_sum_1/r^7": 1.9530181601652252e-16,
    "average_electronegativity": 2.5795698924731183,
    "avg_spectra_anisotropy_matrix": [
        [
            0.0,
            4.9299787257259445e-06,
            3.6970160649362426e-06
        ],
        [
            4.9299787257259445e-06,
            0.0,
            3.5260062248347784e-06
        ],
        [
            3.6970160649362426e-06,
            3.5260062248347784e-06,
            0.0
        ]
    ]
}