{
    "mp-id": "mp-1228622",
    "central_atom": "Cr",
    "band_gap": 3.946599999999999,
    "density": 2.923707147273764,
    "formula": "Al9Cr(BO9)2",
    "space_group_number": 1,
    "space_group_symbol": "P1",
    "steinhart_parameter_sum 1/r^7": 3.856872056246198e-05,
    "electronegativity_std": 0.8618054454749864,
    "quadrupole_moment_normalized_1/r^7": [
        [
            -0.11967228249742767,
            0.005441536675174097,
            0.0013250991739227897
        ],
        [
            0.005441536675174097,
            -0.0950267653170109,
            0.0009526955374860404
        ],
        [
            0.0013250991739227897,
            0.0009526955374860404,
            -0.08851126565190949
        ]
    ],
    "normalized_dipole_anisotropy_matrix_1/r^7": [
        [
            0.0,
            0.0016243482601778078,
            0.00026025223855936604
        ],
        [
            0.0016243482601778078,
            0.0,
            0.0018846004987371737
        ],
        [
            0.00026025223855936604,
            0.0018846004987371737,
            0.0
        ]
    ],
    "normalized_quadrupole_anisotropy_matrix_sum_1/r^7": 0.06528068406030174,
    "dipole_moment_normalized_1/r^7": [
        -8.743736174839598e-05,
        -0.0017117856219262036,
        0.00017281487681097008
    ],
    "normalized_quadrupole_anisotropy_matrix_1/r^7": [
        [
            0.0,
            0.026722511137034097,
            0.03264034203015087
        ],
        [
            0.026722511137034097,
            0.0,
            0.005917830893116774
        ],
        [
            0.03264034203015087,
            0.005917830893116774,
            0.0
        ]
    ],
    "normalized_dipole_anisotropy_matrix_sum_1/r^7": 0.0037692009974743474,
    "average_electronegativity": 2.745904761904762,
    "avg_spectra_anisotropy_matrix": [
        [
            0.0,
            0.020060786368487807,
            0.023879941723421533
        ],
        [
            0.020060786368487807,
            0.0,
            0.006952306463329398
        ],
        [
            0.023879941723421533,
            0.006952306463329398,
            0.0
        ]
    ]
}