{
    "mp-id": "mp-1519512",
    "central_atom": "Cr",
    "band_gap": 0.2952,
    "density": 6.901894363280556,
    "formula": "SrCrInWO6",
    "space_group_number": 216,
    "space_group_symbol": "F-43m",
    "steinhart_parameter_sum 1/r^7": 2.953463676318508e-05,
    "electronegativity_std": 0.955307823076672,
    "quadrupole_moment_normalized_1/r^7": [
        [
            -0.0995854698747219,
            -8.162856512689692e-18,
            -5.784716222066678e-17
        ],
        [
            -8.162856512689692e-18,
            -0.09958546987472265,
            3.234120023382688e-17
        ],
        [
            -5.784716222066678e-17,
            3.234120023382688e-17,
            -0.0995854698747225
        ]
    ],
    "normalized_dipole_anisotropy_matrix_1/r^7": [
        [
            0.0,
            3.29654635159533e-17,
            1.8549995075089576e-17
        ],
        [
            3.29654635159533e-17,
            0.0,
            5.151545859104288e-17
        ],
        [
            1.8549995075089576e-17,
            5.151545859104288e-17,
            0.0
        ]
    ],
    "normalized_quadrupole_anisotropy_matrix_sum_1/r^7": 1.582067810090848e-15,
    "dipole_moment_normalized_1/r^7": [
        -1.8409414075624964e-17,
        1.4556049440328338e-17,
        -3.695940915071454e-17
    ],
    "normalized_quadrupole_anisotropy_matrix_1/r^7": [
        [
            0.0,
            6.38378239159465e-16,
            7.91033905045424e-16
        ],
        [
            6.38378239159465e-16,
            0.0,
            1.5265566588595902e-16
        ],
        [
            7.91033905045424e-16,
            1.5265566588595902e-16,
            0.0
        ]
    ],
    "normalized_dipole_anisotropy_matrix_sum_1/r^7": 1.0303091718208575e-16,
    "average_electronegativity": 2.6884587813620073,
    "avg_spectra_anisotropy_matrix": [
        [
            0.0,
            3.597258153204574e-06,
            7.331660079687083e-07
        ],
        [
            3.597258153204574e-06,
            0.0,
            3.53881551738986e-06
        ],
        [
            7.331660079687083e-07,
            3.53881551738986e-06,
            0.0
        ]
    ]
}