{
    "mp-id": "mp-1222585",
    "central_atom": "Cr",
    "band_gap": 0.012100000000000001,
    "density": 4.500857663266729,
    "formula": "LiCr(FeO2)4",
    "space_group_number": 12,
    "space_group_symbol": "C2/m",
    "steinhart_parameter_sum 1/r^7": 2.7063437195899026e-05,
    "electronegativity_std": 0.9057151914548277,
    "quadrupole_moment_normalized_1/r^7": [
        [
            -0.09000264997962086,
            -0.004216371630053925,
            -0.0014504720195687446
        ],
        [
            -0.004216371630053925,
            -0.09293019502307713,
            0.0010318418658764221
        ],
        [
            -0.0014504720195687446,
            0.0010318418658764221,
            -0.09909352771964616
        ]
    ],
    "normalized_dipole_anisotropy_matrix_1/r^7": [
        [
            0.0,
            1.4675904602364821e-18,
            4.450628742229314e-18
        ],
        [
            1.4675904602364821e-18,
            0.0,
            5.9182192024657965e-18
        ],
        [
            4.450628742229314e-18,
            5.9182192024657965e-18,
            0.0
        ]
    ],
    "normalized_quadrupole_anisotropy_matrix_sum_1/r^7": 0.025207178841208794,
    "dipole_moment_normalized_1/r^7": [
        2.5349260891597853e-17,
        2.388167043136137e-17,
        2.979988963382717e-17
    ],
    "normalized_quadrupole_anisotropy_matrix_1/r^7": [
        [
            0.0,
            0.009183086712173466,
            0.012603589420604397
        ],
        [
            0.009183086712173466,
            0.0,
            0.003420502708430931
        ],
        [
            0.012603589420604397,
            0.003420502708430931,
            0.0
        ]
    ],
    "normalized_dipole_anisotropy_matrix_sum_1/r^7": 1.1836438404931593e-17,
    "average_electronegativity": 2.670483383685801,
    "avg_spectra_anisotropy_matrix": [
        [
            0.0,
            0.02545648399377135,
            0.02000123680137202
        ],
        [
            0.02545648399377135,
            0.0,
            0.009917651375769715
        ],
        [
            0.02000123680137202,
            0.009917651375769715,
            0.0
        ]
    ]
}