{
    "mp-id": "mp-1518013",
    "central_atom": "Cr",
    "band_gap": 0.9540999999999991,
    "density": 7.615440647645457,
    "formula": "BaCrSnBiO6",
    "space_group_number": 216,
    "space_group_symbol": "F-43m",
    "steinhart_parameter_sum 1/r^7": 3.7261880134977114e-05,
    "electronegativity_std": 0.9068847742952352,
    "quadrupole_moment_normalized_1/r^7": [
        [
            -0.11246249065045998,
            7.615397943055557e-17,
            -1.3554221221963314e-17
        ],
        [
            7.615397943055557e-17,
            -0.11246249065045996,
            2.9638529857375223e-17
        ],
        [
            -1.3554221221963314e-17,
            2.9638529857375223e-17,
            -0.11246249065046
        ]
    ],
    "normalized_dipole_anisotropy_matrix_1/r^7": [
        [
            0.0,
            6.031086342687432e-17,
            9.79916534810739e-18
        ],
        [
            6.031086342687432e-17,
            0.0,
            7.011002877498171e-17
        ],
        [
            9.79916534810739e-18,
            7.011002877498171e-17,
            0.0
        ]
    ],
    "normalized_quadrupole_anisotropy_matrix_sum_1/r^7": 3.3306690738754696e-16,
    "dipole_moment_normalized_1/r^7": [
        2.8901505314145575e-17,
        -3.1409358112728745e-17,
        3.8700670662252966e-17
    ],
    "normalized_quadrupole_anisotropy_matrix_1/r^7": [
        [
            0.0,
            1.6653345369377348e-16,
            6.938893903907228e-17
        ],
        [
            1.6653345369377348e-16,
            0.0,
            9.71445146547012e-17
        ],
        [
            6.938893903907228e-17,
            9.71445146547012e-17,
            0.0
        ]
    ],
    "normalized_dipole_anisotropy_matrix_sum_1/r^7": 1.4022005754996342e-16,
    "average_electronegativity": 2.798745098039216,
    "avg_spectra_anisotropy_matrix": [
        [
            0.0,
            2.101937293331347e-06,
            5.244732604083929e-06
        ],
        [
            2.101937293331347e-06,
            0.0,
            4.922357153844705e-06
        ],
        [
            5.244732604083929e-06,
            4.922357153844705e-06,
            0.0
        ]
    ]
}