{
    "mp-id": "mp-1040852",
    "central_atom": "Cr",
    "band_gap": 0.31219999999999903,
    "density": 5.632259156522234,
    "formula": "LaCrSnO6",
    "space_group_number": 1,
    "space_group_symbol": "P1",
    "steinhart_parameter_sum 1/r^7": 6.303386070578971e-05,
    "electronegativity_std": 0.9232821275641335,
    "quadrupole_moment_normalized_1/r^7": [
        [
            -0.15984642682151673,
            -0.003172598745964413,
            0.0061153111382204195
        ],
        [
            -0.003172598745964413,
            -0.1519719756124497,
            -0.0004105428724982403
        ],
        [
            0.0061153111382204195,
            -0.0004105428724982403,
            -0.14738077757943419
        ]
    ],
    "normalized_dipole_anisotropy_matrix_1/r^7": [
        [
            0.0,
            0.005806042274935587,
            0.009664473923313401
        ],
        [
            0.005806042274935587,
            0.0,
            0.003858431648377814
        ],
        [
            0.009664473923313401,
            0.003858431648377814,
            0.0
        ]
    ],
    "normalized_quadrupole_anisotropy_matrix_sum_1/r^7": 0.03705360517647749,
    "dipole_moment_normalized_1/r^7": [
        -0.0021446987730037183,
        -0.007950741047939306,
        -0.01180917269631712
    ],
    "normalized_quadrupole_anisotropy_matrix_1/r^7": [
        [
            0.0,
            0.018526802588238744,
            0.01143142141111611
        ],
        [
            0.018526802588238744,
            0.0,
            0.007095381177122634
        ],
        [
            0.01143142141111611,
            0.007095381177122634,
            0.0
        ]
    ],
    "normalized_dipole_anisotropy_matrix_sum_1/r^7": 0.019328947846626802,
    "average_electronegativity": 2.7735580524344567,
    "avg_spectra_anisotropy_matrix": [
        [
            0.0,
            0.0103396861152394,
            0.008370891621181006
        ],
        [
            0.0103396861152394,
            0.0,
            0.004544095178056101
        ],
        [
            0.008370891621181006,
            0.004544095178056101,
            0.0
        ]
    ]
}