{
    "mp-id": "mp-1037502",
    "central_atom": "Cr",
    "band_gap": 0.6672,
    "density": 3.630955182155324,
    "formula": "Mg30ZnCrO32",
    "space_group_number": 123,
    "space_group_symbol": "P4/mmm",
    "steinhart_parameter_sum 1/r^7": 1.5767178591937696e-05,
    "electronegativity_std": 1.0578928268631131,
    "quadrupole_moment_normalized_1/r^7": [
        [
            -0.050329537658118685,
            3.897198590317036e-18,
            4.582448244645765e-19
        ],
        [
            3.897198590317036e-18,
            -0.05032953765811871,
            1.1869049173400884e-18
        ],
        [
            4.582448244645765e-19,
            1.1869049173400884e-18,
            -0.0732832022535431
        ]
    ],
    "normalized_dipole_anisotropy_matrix_1/r^7": [
        [
            0.0,
            2.27855039184959e-17,
            1.4008500873443556e-16
        ],
        [
            2.27855039184959e-17,
            0.0,
            1.1729950481593966e-16
        ],
        [
            1.4008500873443556e-16,
            1.1729950481593966e-16,
            0.0
        ]
    ],
    "normalized_quadrupole_anisotropy_matrix_sum_1/r^7": 0.04590732919084882,
    "dipole_moment_normalized_1/r^7": [
        -2.5683944784881708e-17,
        -2.898440866385809e-18,
        1.1440106394955385e-16
    ],
    "normalized_quadrupole_anisotropy_matrix_1/r^7": [
        [
            0.0,
            6.938893903907228e-18,
            0.02295366459542441
        ],
        [
            6.938893903907228e-18,
            0.0,
            0.022953664595424403
        ],
        [
            0.02295366459542441,
            0.022953664595424403,
            0.0
        ]
    ],
    "normalized_dipole_anisotropy_matrix_sum_1/r^7": 2.8017001746887113e-16,
    "average_electronegativity": 2.386260162601626,
    "avg_spectra_anisotropy_matrix": [
        [
            0.0,
            1.0890990469194653e-07,
            0.028083174631116467
        ],
        [
            1.0890990469194653e-07,
            0.0,
            0.028083160306377725
        ],
        [
            0.028083174631116467,
            0.028083160306377725,
            0.0
        ]
    ]
}