{
    "mp-id": "mp-1040853",
    "central_atom": "Cr",
    "band_gap": 0.18080000000000002,
    "density": 6.593105277499974,
    "formula": "LaTaCrO6",
    "space_group_number": 1,
    "space_group_symbol": "P1",
    "steinhart_parameter_sum 1/r^7": 5.203547695955296e-05,
    "electronegativity_std": 0.9846852775327293,
    "quadrupole_moment_normalized_1/r^7": [
        [
            -0.13057943591819096,
            0.005945923119100846,
            0.004415768702092685
        ],
        [
            0.005945923119100846,
            -0.13558357854222292,
            0.0007358162891544243
        ],
        [
            0.004415768702092685,
            0.0007358162891544243,
            -0.14029598163230306
        ]
    ],
    "normalized_dipole_anisotropy_matrix_1/r^7": [
        [
            0.0,
            0.00262209265219778,
            0.011193126765369918
        ],
        [
            0.00262209265219778,
            0.0,
            0.008571034113172138
        ],
        [
            0.011193126765369918,
            0.008571034113172138,
            0.0
        ]
    ],
    "normalized_quadrupole_anisotropy_matrix_sum_1/r^7": 0.0339969294932817,
    "dipole_moment_normalized_1/r^7": [
        0.005310433435575255,
        0.0026883407833774753,
        -0.005882693329794663
    ],
    "normalized_quadrupole_anisotropy_matrix_1/r^7": [
        [
            0.0,
            0.01699846474664085,
            0.01300502779507609
        ],
        [
            0.01699846474664085,
            0.0,
            0.0039934369515647605
        ],
        [
            0.01300502779507609,
            0.0039934369515647605,
            0.0
        ]
    ],
    "normalized_dipole_anisotropy_matrix_sum_1/r^7": 0.022386253530739836,
    "average_electronegativity": 2.7176865671641792,
    "avg_spectra_anisotropy_matrix": [
        [
            0.0,
            0.013342110727828238,
            0.010990571008521844
        ],
        [
            0.013342110727828238,
            0.0,
            0.0035358469059362917
        ],
        [
            0.010990571008521844,
            0.0035358469059362917,
            0.0
        ]
    ]
}