{
    "mp-id": "mp-1033791",
    "central_atom": "Cr",
    "band_gap": 0.1859,
    "density": 3.538396502704993,
    "formula": "Mg14CrCO16",
    "space_group_number": 123,
    "space_group_symbol": "P4/mmm",
    "steinhart_parameter_sum 1/r^7": 1.7655038248360472e-05,
    "electronegativity_std": 1.0434881138220917,
    "quadrupole_moment_normalized_1/r^7": [
        [
            -0.07151124332480895,
            2.993520314715104e-18,
            -5.869938324472301e-18
        ],
        [
            2.993520314715104e-18,
            -0.07151124332480895,
            -6.272702490891721e-18
        ],
        [
            -5.869938324472301e-18,
            -6.272702490891721e-18,
            -0.06386104949811937
        ]
    ],
    "normalized_dipole_anisotropy_matrix_1/r^7": [
        [
            0.0,
            1.1339918279162963e-18,
            3.0337411448198826e-17
        ],
        [
            1.1339918279162963e-18,
            0.0,
            2.920341962028253e-17
        ],
        [
            3.0337411448198826e-17,
            2.920341962028253e-17,
            0.0
        ]
    ],
    "normalized_quadrupole_anisotropy_matrix_sum_1/r^7": 0.01530038765337921,
    "dipole_moment_normalized_1/r^7": [
        2.9685831353523455e-17,
        2.855183952560716e-17,
        -6.515800946753705e-19
    ],
    "normalized_quadrupole_anisotropy_matrix_1/r^7": [
        [
            0.0,
            0.0076501938266895775,
            2.7755575615628914e-17
        ],
        [
            0.0076501938266895775,
            0.0,
            0.007650193826689605
        ],
        [
            2.7755575615628914e-17,
            0.007650193826689605,
            0.0
        ]
    ],
    "normalized_dipole_anisotropy_matrix_sum_1/r^7": 6.067482289639765e-17,
    "average_electronegativity": 2.419078590785908,
    "avg_spectra_anisotropy_matrix": [
        [
            0.0,
            0.009039274935302004,
            1.7044688520496034e-07
        ],
        [
            0.009039274935302004,
            0.0,
            0.00903929141529813
        ],
        [
            1.7044688520496034e-07,
            0.00903929141529813,
            0.0
        ]
    ]
}