{
    "mp-id": "mp-1386193",
    "central_atom": "Cr",
    "band_gap": 0.0,
    "density": 3.113240953459967,
    "formula": "LiVCrP2(HO5)2",
    "space_group_number": 1,
    "space_group_symbol": "P1",
    "steinhart_parameter_sum 1/r^7": 1.7482449284935573e-05,
    "electronegativity_std": 0.8158618293278554,
    "quadrupole_moment_normalized_1/r^7": [
        [
            -0.04901380001026084,
            -0.02737231818636088,
            -0.008302092340164227
        ],
        [
            -0.02737231818636088,
            -0.06457669594344174,
            -0.00993162575824171
        ],
        [
            -0.008302092340164227,
            -0.00993162575824171,
            -0.04092069482797521
        ]
    ],
    "normalized_dipole_anisotropy_matrix_1/r^7": [
        [
            0.0,
            0.0007690248665739091,
            0.0019690455193220662
        ],
        [
            0.0007690248665739091,
            0.0,
            0.0027380703858959753
        ],
        [
            0.0019690455193220662,
            0.0027380703858959753,
            0.0
        ]
    ],
    "normalized_quadrupole_anisotropy_matrix_sum_1/r^7": 0.12090269530360423,
    "dipole_moment_normalized_1/r^7": [
        0.0020928869260981252,
        0.0028619117926720343,
        0.00012384140677605907
    ],
    "normalized_quadrupole_anisotropy_matrix_1/r^7": [
        [
            0.0,
            0.060451347651802115,
            0.05128030161465037
        ],
        [
            0.060451347651802115,
            0.0,
            0.009171046037151742
        ],
        [
            0.05128030161465037,
            0.009171046037151742,
            0.0
        ]
    ],
    "normalized_dipole_anisotropy_matrix_sum_1/r^7": 0.005476140771791951,
    "average_electronegativity": 2.7896562032884904,
    "avg_spectra_anisotropy_matrix": [
        [
            0.0,
            0.02413605614828,
            0.066213769624857
        ],
        [
            0.02413605614828,
            0.0,
            0.0527555649960355
        ],
        [
            0.066213769624857,
            0.0527555649960355,
            0.0
        ]
    ]
}