{
    "mp-id": "mp-1038546",
    "central_atom": "Cr",
    "band_gap": 0.0,
    "density": 3.8637720651492273,
    "formula": "Mg30CrBiO32",
    "space_group_number": 123,
    "space_group_symbol": "P4/mmm",
    "steinhart_parameter_sum 1/r^7": 1.8694826002604647e-05,
    "electronegativity_std": 1.0560601401026666,
    "quadrupole_moment_normalized_1/r^7": [
        [
            -0.041981269626357516,
            9.986518448128201e-18,
            -5.705296295349747e-18
        ],
        [
            9.986518448128201e-18,
            -0.041981269626357516,
            -5.789470194483143e-18
        ],
        [
            -5.705296295349747e-18,
            -5.789470194483143e-18,
            -0.1027141375835175
        ]
    ],
    "normalized_dipole_anisotropy_matrix_1/r^7": [
        [
            0.0,
            6.315689412964877e-20,
            2.3462442062029696e-17
        ],
        [
            6.315689412964877e-20,
            0.0,
            2.3525598956159344e-17
        ],
        [
            2.3462442062029696e-17,
            2.3525598956159344e-17,
            0.0
        ]
    ],
    "normalized_quadrupole_anisotropy_matrix_sum_1/r^7": 0.12146573591431997,
    "dipole_moment_normalized_1/r^7": [
        -1.9601983525799815e-17,
        -1.9665140419929464e-17,
        3.8604585362298806e-18
    ],
    "normalized_quadrupole_anisotropy_matrix_1/r^7": [
        [
            0.0,
            6.938893903907228e-18,
            0.06073286795715998
        ],
        [
            6.938893903907228e-18,
            0.0,
            0.060732867957159986
        ],
        [
            0.06073286795715998,
            0.060732867957159986,
            0.0
        ]
    ],
    "normalized_dipole_anisotropy_matrix_sum_1/r^7": 4.705119791231869e-17,
    "average_electronegativity": 2.390352303523035,
    "avg_spectra_anisotropy_matrix": [
        [
            0.0,
            8.681524786086482e-08,
            0.07786915952463767
        ],
        [
            8.681524786086482e-08,
            0.0,
            0.07786915512904954
        ],
        [
            0.07786915952463767,
            0.07786915512904954,
            0.0
        ]
    ]
}