{
    "mp-id": "mp-1032130",
    "central_atom": "Cr",
    "band_gap": 0.7654999999999991,
    "density": 3.99973673590837,
    "formula": "Mg6CrFeO8",
    "space_group_number": 123,
    "space_group_symbol": "P4/mmm",
    "steinhart_parameter_sum 1/r^7": 1.918791061244641e-05,
    "electronegativity_std": 1.025646378583088,
    "quadrupole_moment_normalized_1/r^7": [
        [
            -0.06466344660676579,
            2.885947130413808e-18,
            -2.3111293965833585e-18
        ],
        [
            2.885947130413808e-18,
            -0.06466344660676579,
            -2.4676187335885905e-18
        ],
        [
            -2.3111293965833585e-18,
            -2.4676187335885905e-18,
            -0.08791736639974251
        ]
    ],
    "normalized_dipole_anisotropy_matrix_1/r^7": [
        [
            0.0,
            1.4538261748435997e-18,
            3.5488351149350235e-17
        ],
        [
            1.4538261748435997e-18,
            0.0,
            3.6942177324193835e-17
        ],
        [
            3.5488351149350235e-17,
            3.6942177324193835e-17,
            0.0
        ]
    ],
    "normalized_quadrupole_anisotropy_matrix_sum_1/r^7": 0.046507839585953475,
    "dipole_moment_normalized_1/r^7": [
        2.5902267527036504e-18,
        1.1364005778600507e-18,
        3.8078577902053885e-17
    ],
    "normalized_quadrupole_anisotropy_matrix_1/r^7": [
        [
            0.0,
            2.7755575615628914e-17,
            0.02325391979297671
        ],
        [
            2.7755575615628914e-17,
            0.0,
            0.023253919792976738
        ],
        [
            0.02325391979297671,
            0.023253919792976738,
            0.0
        ]
    ],
    "normalized_dipole_anisotropy_matrix_sum_1/r^7": 7.388435464838767e-17,
    "average_electronegativity": 2.4255013550135502,
    "avg_spectra_anisotropy_matrix": [
        [
            0.0,
            1.8041241447948998e-07,
            0.027062362264648233
        ],
        [
            1.8041241447948998e-07,
            0.0,
            0.02706236268778647
        ],
        [
            0.027062362264648233,
            0.02706236268778647,
            0.0
        ]
    ]
}