{
    "mp-id": "mp-1516623",
    "central_atom": "Cr",
    "band_gap": 0.0,
    "density": 6.125320133598918,
    "formula": "BaSrCrSnO6",
    "space_group_number": 216,
    "space_group_symbol": "F-43m",
    "steinhart_parameter_sum 1/r^7": 3.670488118549013e-05,
    "electronegativity_std": 1.1029861307816855,
    "quadrupole_moment_normalized_1/r^7": [
        [
            -0.12113567037087666,
            -6.774145995666267e-18,
            -4.1867568033359184e-17
        ],
        [
            -6.774145995666267e-18,
            -0.12113567037087618,
            1.566206271120564e-17
        ],
        [
            -4.1867568033359184e-17,
            1.566206271120564e-17,
            -0.12113567037087593
        ]
    ],
    "normalized_dipole_anisotropy_matrix_1/r^7": [
        [
            0.0,
            3.6991781691167415e-17,
            2.8246060631648357e-17
        ],
        [
            3.6991781691167415e-17,
            0.0,
            8.745721059519058e-18
        ],
        [
            2.8246060631648357e-17,
            8.745721059519058e-18,
            0.0
        ]
    ],
    "normalized_quadrupole_anisotropy_matrix_sum_1/r^7": 1.4432899320127035e-15,
    "dipole_moment_normalized_1/r^7": [
        1.1499208118850054e-16,
        7.800029949733313e-17,
        8.674602055685219e-17
    ],
    "normalized_quadrupole_anisotropy_matrix_1/r^7": [
        [
            0.0,
            7.216449660063518e-16,
            4.718447854656915e-16
        ],
        [
            7.216449660063518e-16,
            0.0,
            2.498001805406602e-16
        ],
        [
            4.718447854656915e-16,
            2.498001805406602e-16,
            0.0
        ]
    ],
    "normalized_dipole_anisotropy_matrix_sum_1/r^7": 7.398356338233483e-17,
    "average_electronegativity": 2.5527598566308245,
    "avg_spectra_anisotropy_matrix": [
        [
            0.0,
            2.1415815773249713e-06,
            8.4677744432698e-07
        ],
        [
            2.1415815773249713e-06,
            0.0,
            2.4548124323466584e-06
        ],
        [
            8.4677744432698e-07,
            2.4548124323466584e-06,
            0.0
        ]
    ]
}