{
    "mp-id": "mp-1516332",
    "central_atom": "Cr",
    "band_gap": 2.103899999999999,
    "density": 6.550029551794096,
    "formula": "SrSmCrSnO6",
    "space_group_number": 216,
    "space_group_symbol": "F-43m",
    "steinhart_parameter_sum 1/r^7": 3.586228613305001e-05,
    "electronegativity_std": 1.0362496923820155,
    "quadrupole_moment_normalized_1/r^7": [
        [
            -0.12076901697334146,
            -4.4538474674288807e-17,
            1.6229151269392394e-18
        ],
        [
            -4.4538474674288807e-17,
            -0.12076901697334132,
            1.0921642821896949e-17
        ],
        [
            1.6229151269392394e-18,
            1.0921642821896949e-17,
            -0.12076901697334133
        ]
    ],
    "normalized_dipole_anisotropy_matrix_1/r^7": [
        [
            0.0,
            1.3679073878388598e-16,
            2.1293349502789043e-17
        ],
        [
            1.3679073878388598e-16,
            0.0,
            1.5808408828667502e-16
        ],
        [
            2.1293349502789043e-17,
            1.5808408828667502e-16,
            0.0
        ]
    ],
    "normalized_quadrupole_anisotropy_matrix_sum_1/r^7": 2.498001805406602e-16,
    "dipole_moment_normalized_1/r^7": [
        -4.5391225093937074e-17,
        -1.8218196387782305e-16,
        -2.409787559114803e-17
    ],
    "normalized_quadrupole_anisotropy_matrix_1/r^7": [
        [
            0.0,
            9.71445146547012e-17,
            1.249000902703301e-16
        ],
        [
            9.71445146547012e-17,
            0.0,
            2.7755575615628914e-17
        ],
        [
            1.249000902703301e-16,
            2.7755575615628914e-17,
            0.0
        ]
    ],
    "normalized_dipole_anisotropy_matrix_sum_1/r^7": 3.1616817657335004e-16,
    "average_electronegativity": 2.554897959183674,
    "avg_spectra_anisotropy_matrix": [
        [
            0.0,
            3.220899787265778e-06,
            3.2572261504501172e-06
        ],
        [
            3.220899787265778e-06,
            0.0,
            2.7921889384651344e-07
        ],
        [
            3.2572261504501172e-06,
            2.7921889384651344e-07,
            0.0
        ]
    ]
}