{
    "mp-id": "mp-1210195",
    "central_atom": "Cr",
    "band_gap": 2.7232000000000003,
    "density": 2.824145282877851,
    "formula": "NaCr(SO4)2",
    "space_group_number": 12,
    "space_group_symbol": "C2/m",
    "steinhart_parameter_sum 1/r^7": 3.530859881687374e-05,
    "electronegativity_std": 0.7952813995431817,
    "quadrupole_moment_normalized_1/r^7": [
        [
            -0.10256407237491992,
            0.011005442892406646,
            -0.0016263042633108435
        ],
        [
            0.011005442892406646,
            -0.09244079802208438,
            0.0010420916472637333
        ],
        [
            -0.0016263042633108435,
            0.0010420916472637333,
            -0.11145730940505258
        ]
    ],
    "normalized_dipole_anisotropy_matrix_1/r^7": [
        [
            0.0,
            5.5315513090221685e-17,
            1.130447789125425e-16
        ],
        [
            5.5315513090221685e-17,
            0.0,
            1.683602920027642e-16
        ],
        [
            1.130447789125425e-16,
            1.683602920027642e-16,
            0.0
        ]
    ],
    "normalized_quadrupole_anisotropy_matrix_sum_1/r^7": 0.05457517805936571,
    "dipole_moment_normalized_1/r^7": [
        -2.2874204149941186e-17,
        -7.818971724016287e-17,
        9.017057476260132e-17
    ],
    "normalized_quadrupole_anisotropy_matrix_1/r^7": [
        [
            0.0,
            0.023008164327948513,
            0.027287589029682854
        ],
        [
            0.023008164327948513,
            0.0,
            0.004279424701734341
        ],
        [
            0.027287589029682854,
            0.004279424701734341,
            0.0
        ]
    ],
    "normalized_dipole_anisotropy_matrix_sum_1/r^7": 3.367205840055284e-16,
    "average_electronegativity": 2.9543173431734315,
    "avg_spectra_anisotropy_matrix": [
        [
            0.0,
            0.02157255106939545,
            0.02512565345926628
        ],
        [
            0.02157255106939545,
            0.0,
            0.013498800431548845
        ],
        [
            0.02512565345926628,
            0.013498800431548845,
            0.0
        ]
    ]
}