{
    "mp-id": "mp-1035772",
    "central_atom": "Cr",
    "band_gap": 1.700699999999999,
    "density": 3.792723981447301,
    "formula": "Mg14ZnCrO16",
    "space_group_number": 123,
    "space_group_symbol": "P4/mmm",
    "steinhart_parameter_sum 1/r^7": 1.5434603988498018e-05,
    "electronegativity_std": 1.0506366493688464,
    "quadrupole_moment_normalized_1/r^7": [
        [
            -0.055346585980268474,
            2.515687853345272e-18,
            -7.282365764018847e-18
        ],
        [
            2.515687853345272e-18,
            -0.055346585980268564,
            -7.478877407781845e-18
        ],
        [
            -7.282365764018847e-18,
            -7.478877407781845e-18,
            -0.06634563261281849
        ]
    ],
    "normalized_dipole_anisotropy_matrix_1/r^7": [
        [
            0.0,
            3.686197389200069e-17,
            6.680787083011082e-17
        ],
        [
            3.686197389200069e-17,
            0.0,
            2.994589693811013e-17
        ],
        [
            6.680787083011082e-17,
            2.994589693811013e-17,
            0.0
        ]
    ],
    "normalized_quadrupole_anisotropy_matrix_sum_1/r^7": 0.021998093265100035,
    "dipole_moment_normalized_1/r^7": [
        -1.4092722418180235e-17,
        2.2769251473820458e-17,
        5.2715148411930585e-17
    ],
    "normalized_quadrupole_anisotropy_matrix_1/r^7": [
        [
            0.0,
            0.010999046632550018,
            7.632783294297951e-17
        ],
        [
            0.010999046632550018,
            0.0,
            0.010999046632549941
        ],
        [
            7.632783294297951e-17,
            0.010999046632549941,
            0.0
        ]
    ],
    "normalized_dipole_anisotropy_matrix_sum_1/r^7": 1.3361574166022164e-16,
    "average_electronegativity": 2.3946883468834685,
    "avg_spectra_anisotropy_matrix": [
        [
            0.0,
            0.01281459843701634,
            1.964635328368505e-07
        ],
        [
            0.01281459843701634,
            0.0,
            0.012814597133353634
        ],
        [
            1.964635328368505e-07,
            0.012814597133353634,
            0.0
        ]
    ]
}