{
    "mp-id": "mp-1520536",
    "central_atom": "Cr",
    "band_gap": 2.4468,
    "density": 5.363709522661244,
    "formula": "CaPrZrCrO6",
    "space_group_number": 216,
    "space_group_symbol": "F-43m",
    "steinhart_parameter_sum 1/r^7": 3.947669649035623e-05,
    "electronegativity_std": 1.0885506528695603,
    "quadrupole_moment_normalized_1/r^7": [
        [
            -0.12529120427679089,
            1.453953229785688e-17,
            6.321110423827304e-17
        ],
        [
            1.453953229785688e-17,
            -0.12529120427679027,
            -1.4804611258700112e-16
        ],
        [
            6.321110423827304e-17,
            -1.4804611258700112e-16,
            -0.12529120427679052
        ]
    ],
    "normalized_dipole_anisotropy_matrix_1/r^7": [
        [
            0.0,
            1.1395637165224535e-17,
            6.907011054376984e-17
        ],
        [
            1.1395637165224535e-17,
            0.0,
            5.767447337854531e-17
        ],
        [
            6.907011054376984e-17,
            5.767447337854531e-17,
            0.0
        ]
    ],
    "normalized_quadrupole_anisotropy_matrix_sum_1/r^7": 1.4432899320127035e-15,
    "dipole_moment_normalized_1/r^7": [
        9.225477873865933e-17,
        8.08591415734348e-17,
        2.318466819488949e-17
    ],
    "normalized_quadrupole_anisotropy_matrix_1/r^7": [
        [
            0.0,
            3.885780586188048e-16,
            7.216449660063518e-16
        ],
        [
            3.885780586188048e-16,
            0.0,
            3.3306690738754696e-16
        ],
        [
            7.216449660063518e-16,
            3.3306690738754696e-16,
            0.0
        ]
    ],
    "normalized_dipole_anisotropy_matrix_sum_1/r^7": 1.381402210875397e-16,
    "average_electronegativity": 2.5451971326164875,
    "avg_spectra_anisotropy_matrix": [
        [
            0.0,
            3.893209586563963e-06,
            2.3994504808959385e-06
        ],
        [
            3.893209586563963e-06,
            0.0,
            4.58561447745319e-06
        ],
        [
            2.3994504808959385e-06,
            4.58561447745319e-06,
            0.0
        ]
    ]
}