{
    "mp-id": "mp-1516260",
    "central_atom": "Cr",
    "band_gap": 0.0,
    "density": 6.164045743753028,
    "formula": "SrCeEuCrO6",
    "space_group_number": 216,
    "space_group_symbol": "F-43m",
    "steinhart_parameter_sum 1/r^7": 4.466852420451899e-05,
    "electronegativity_std": 1.054668820363011,
    "quadrupole_moment_normalized_1/r^7": [
        [
            -0.13066984208716015,
            3.3526622843509275e-17,
            -7.136337283912206e-17
        ],
        [
            3.3526622843509275e-17,
            -0.13066984208716104,
            -2.0650663254059842e-18
        ],
        [
            -7.136337283912206e-17,
            -2.0650663254059842e-18,
            -0.13066984208715957
        ]
    ],
    "normalized_dipole_anisotropy_matrix_1/r^7": [
        [
            0.0,
            2.0632302491439125e-16,
            1.5431108590224915e-16
        ],
        [
            2.0632302491439125e-16,
            0.0,
            5.2011939012142105e-17
        ],
        [
            1.5431108590224915e-16,
            5.2011939012142105e-17,
            0.0
        ]
    ],
    "normalized_quadrupole_anisotropy_matrix_sum_1/r^7": 2.886579864025407e-15,
    "dipole_moment_normalized_1/r^7": [
        6.77418834731363e-17,
        -1.3858114144125496e-16,
        -8.656920242911285e-17
    ],
    "normalized_quadrupole_anisotropy_matrix_1/r^7": [
        [
            0.0,
            5.551115123125783e-16,
            8.881784197001252e-16
        ],
        [
            5.551115123125783e-16,
            0.0,
            1.4432899320127035e-15
        ],
        [
            8.881784197001252e-16,
            1.4432899320127035e-15,
            0.0
        ]
    ],
    "normalized_dipole_anisotropy_matrix_sum_1/r^7": 4.126460498287825e-16,
    "average_electronegativity": 2.6705882352941175,
    "avg_spectra_anisotropy_matrix": [
        [
            0.0,
            2.9365988586239713e-06,
            2.823869592073527e-07
        ],
        [
            2.9365988586239713e-06,
            0.0,
            2.9619413230493096e-06
        ],
        [
            2.823869592073527e-07,
            2.9619413230493096e-06,
            0.0
        ]
    ]
}