{
    "mp-id": "mp-1040816",
    "central_atom": "Cr",
    "band_gap": 0.31769999999999904,
    "density": 5.739129102281024,
    "formula": "LaCrSbO6",
    "space_group_number": 1,
    "space_group_symbol": "P1",
    "steinhart_parameter_sum 1/r^7": 5.030997811189725e-05,
    "electronegativity_std": 0.9127882383174604,
    "quadrupole_moment_normalized_1/r^7": [
        [
            -0.12513313505656293,
            0.010925409001045784,
            0.005228106068550639
        ],
        [
            0.010925409001045784,
            -0.13485959504832606,
            0.0030869608378245863
        ],
        [
            0.005228106068550639,
            0.0030869608378245863,
            -0.143806047099256
        ]
    ],
    "normalized_dipole_anisotropy_matrix_1/r^7": [
        [
            0.0,
            0.0024346480403726212,
            0.008593153631572306
        ],
        [
            0.0024346480403726212,
            0.0,
            0.006158505591199685
        ],
        [
            0.008593153631572306,
            0.006158505591199685,
            0.0
        ]
    ],
    "normalized_quadrupole_anisotropy_matrix_sum_1/r^7": 0.05700299503595824,
    "dipole_moment_normalized_1/r^7": [
        0.004433627092596108,
        0.0019989790522234865,
        -0.004159526538976198
    ],
    "normalized_quadrupole_anisotropy_matrix_1/r^7": [
        [
            0.0,
            0.025254828093139253,
            0.02850149751797912
        ],
        [
            0.025254828093139253,
            0.0,
            0.0032466694248398653
        ],
        [
            0.02850149751797912,
            0.0032466694248398653,
            0.0
        ]
    ],
    "normalized_dipole_anisotropy_matrix_sum_1/r^7": 0.01718630726314461,
    "average_electronegativity": 2.787462686567164,
    "avg_spectra_anisotropy_matrix": [
        [
            0.0,
            0.019061242433159386,
            0.01844244251260874
        ],
        [
            0.019061242433159386,
            0.0,
            0.00435998663473297
        ],
        [
            0.01844244251260874,
            0.00435998663473297,
            0.0
        ]
    ]
}