{
    "mp-id": "mp-1520463",
    "central_atom": "Cr",
    "band_gap": 2.452699999999999,
    "density": 5.937139850939875,
    "formula": "SrNdZrCrO6",
    "space_group_number": 216,
    "space_group_symbol": "F-43m",
    "steinhart_parameter_sum 1/r^7": 3.8018308110952524e-05,
    "electronegativity_std": 1.0957265816890014,
    "quadrupole_moment_normalized_1/r^7": [
        [
            -0.12207070480736341,
            1.0923895417636188e-16,
            3.6046695524695453e-17
        ],
        [
            1.0923895417636188e-16,
            -0.1220707048073632,
            6.8177681924498634e-18
        ],
        [
            3.6046695524695453e-17,
            6.8177681924498634e-18,
            -0.1220707048073636
        ]
    ],
    "normalized_dipole_anisotropy_matrix_1/r^7": [
        [
            0.0,
            1.3311255614292622e-16,
            5.332014470473789e-18
        ],
        [
            1.3311255614292622e-16,
            0.0,
            1.384445706134e-16
        ],
        [
            5.332014470473789e-18,
            1.384445706134e-16,
            0.0
        ]
    ],
    "normalized_quadrupole_anisotropy_matrix_sum_1/r^7": 8.604228440844963e-16,
    "dipole_moment_normalized_1/r^7": [
        2.4703350322690074e-17,
        -1.0840920582023614e-16,
        3.003536479316386e-17
    ],
    "normalized_quadrupole_anisotropy_matrix_1/r^7": [
        [
            0.0,
            2.7755575615628914e-16,
            1.5265566588595902e-16
        ],
        [
            2.7755575615628914e-16,
            0.0,
            4.3021142204224816e-16
        ],
        [
            1.5265566588595902e-16,
            4.3021142204224816e-16,
            0.0
        ]
    ],
    "normalized_dipole_anisotropy_matrix_sum_1/r^7": 2.768891412268e-16,
    "average_electronegativity": 2.5403225806451615,
    "avg_spectra_anisotropy_matrix": [
        [
            0.0,
            2.652099706886673e-06,
            2.6218041428511076e-06
        ],
        [
            2.652099706886673e-06,
            0.0,
            4.423964220213487e-07
        ],
        [
            2.6218041428511076e-06,
            4.423964220213487e-07,
            0.0
        ]
    ]
}