{
    "mp-id": "mp-1037844",
    "central_atom": "Cr",
    "band_gap": 0.7039000000000001,
    "density": 3.586342946005682,
    "formula": "Mg30MnCrO32",
    "space_group_number": 123,
    "space_group_symbol": "P4/mmm",
    "steinhart_parameter_sum 1/r^7": 1.6698926635585553e-05,
    "electronegativity_std": 1.0596852883307917,
    "quadrupole_moment_normalized_1/r^7": [
        [
            -0.04921006682178733,
            2.6719654321136904e-18,
            -1.6224492588182496e-17
        ],
        [
            2.6719654321136904e-18,
            -0.04921006682178733,
            -1.6768287740319757e-17
        ],
        [
            -1.6224492588182496e-17,
            -1.6768287740319757e-17,
            -0.0812091196016918
        ]
    ],
    "normalized_dipole_anisotropy_matrix_1/r^7": [
        [
            0.0,
            3.688299089700444e-19,
            5.0303063275946355e-17
        ],
        [
            3.688299089700444e-19,
            0.0,
            4.993423336697631e-17
        ],
        [
            5.0303063275946355e-17,
            4.993423336697631e-17,
            0.0
        ]
    ],
    "normalized_quadrupole_anisotropy_matrix_sum_1/r^7": 0.06399810555980896,
    "dipole_moment_normalized_1/r^7": [
        -2.2755010732394745e-18,
        -1.90667116426943e-18,
        4.802756220270688e-17
    ],
    "normalized_quadrupole_anisotropy_matrix_1/r^7": [
        [
            0.0,
            0.031999052779904474,
            6.938893903907228e-18
        ],
        [
            0.031999052779904474,
            0.0,
            0.03199905277990448
        ],
        [
            6.938893903907228e-18,
            0.03199905277990448,
            0.0
        ]
    ],
    "normalized_dipole_anisotropy_matrix_sum_1/r^7": 1.0060612655189271e-16,
    "average_electronegativity": 2.3839837398373986,
    "avg_spectra_anisotropy_matrix": [
        [
            0.0,
            0.038736865581928126,
            1.5213811966505013e-07
        ],
        [
            0.038736865581928126,
            0.0,
            0.03873687295485563
        ],
        [
            1.5213811966505013e-07,
            0.03873687295485563,
            0.0
        ]
    ]
}