{
    "mp-id": "mp-1030818",
    "central_atom": "Cr",
    "band_gap": 2.1237,
    "density": 3.6543095941554693,
    "formula": "NaMg6CrO8",
    "space_group_number": 123,
    "space_group_symbol": "P4/mmm",
    "steinhart_parameter_sum 1/r^7": 2.330636056889207e-05,
    "electronegativity_std": 1.0753730488892508,
    "quadrupole_moment_normalized_1/r^7": [
        [
            -0.06675846793175984,
            4.359572700399477e-18,
            1.4204742525454617e-18
        ],
        [
            4.359572700399477e-18,
            -0.06675846793175984,
            1.673948862011311e-18
        ],
        [
            1.4204742525454617e-18,
            1.673948862011311e-18,
            -0.11799440174256713
        ]
    ],
    "normalized_dipole_anisotropy_matrix_1/r^7": [
        [
            0.0,
            1.2039779251831828e-18,
            1.1191422815597443e-19
        ],
        [
            1.2039779251831828e-18,
            0.0,
            1.0920636970272084e-18
        ],
        [
            1.1191422815597443e-19,
            1.0920636970272084e-18,
            0.0
        ]
    ],
    "normalized_quadrupole_anisotropy_matrix_sum_1/r^7": 0.10247186762161462,
    "dipole_moment_normalized_1/r^7": [
        1.210515960744802e-18,
        6.538035561619131e-21,
        1.0986017325888275e-18
    ],
    "normalized_quadrupole_anisotropy_matrix_1/r^7": [
        [
            0.0,
            1.3877787807814457e-17,
            0.051235933810807294
        ],
        [
            1.3877787807814457e-17,
            0.0,
            0.05123593381080731
        ],
        [
            0.051235933810807294,
            0.05123593381080731,
            0.0
        ]
    ],
    "normalized_dipole_anisotropy_matrix_sum_1/r^7": 2.4079558503663657e-18,
    "average_electronegativity": 2.374281842818428,
    "avg_spectra_anisotropy_matrix": [
        [
            0.0,
            1.7089186022086605e-07,
            0.051754420241058904
        ],
        [
            1.7089186022086605e-07,
            0.0,
            0.051754422930489034
        ],
        [
            0.051754420241058904,
            0.051754422930489034,
            0.0
        ]
    ]
}