{
    "mp-id": "mp-1516242",
    "central_atom": "Cr",
    "band_gap": 0.0,
    "density": 5.367154134904935,
    "formula": "BaCaCeCrO6",
    "space_group_number": 216,
    "space_group_symbol": "F-43m",
    "steinhart_parameter_sum 1/r^7": 4.507143819849599e-05,
    "electronegativity_std": 1.0881854544319256,
    "quadrupole_moment_normalized_1/r^7": [
        [
            -0.1346659034719361,
            -3.7142182978864256e-17,
            -1.0342388753005255e-16
        ],
        [
            -3.7142182978864256e-17,
            -0.134665903471937,
            -8.982360889158228e-18
        ],
        [
            -1.0342388753005255e-16,
            -8.982360889158228e-18,
            -0.1346659034719362
        ]
    ],
    "normalized_dipole_anisotropy_matrix_1/r^7": [
        [
            0.0,
            2.096274989649773e-16,
            3.567160143353278e-17
        ],
        [
            2.096274989649773e-16,
            0.0,
            2.4529910039851007e-16
        ],
        [
            3.567160143353278e-17,
            2.4529910039851007e-16,
            0.0
        ]
    ],
    "normalized_quadrupole_anisotropy_matrix_sum_1/r^7": 1.942890293094024e-15,
    "dipole_moment_normalized_1/r^7": [
        1.956415821074899e-17,
        2.291916571757263e-16,
        -1.6107443222783792e-17
    ],
    "normalized_quadrupole_anisotropy_matrix_1/r^7": [
        [
            0.0,
            2.220446049250313e-16,
            9.71445146547012e-16
        ],
        [
            2.220446049250313e-16,
            0.0,
            7.494005416219807e-16
        ],
        [
            9.71445146547012e-16,
            7.494005416219807e-16,
            0.0
        ]
    ],
    "normalized_dipole_anisotropy_matrix_sum_1/r^7": 4.905982007970201e-16,
    "average_electronegativity": 2.6481568627450978,
    "avg_spectra_anisotropy_matrix": [
        [
            0.0,
            3.101854570327352e-06,
            4.449630855074907e-07
        ],
        [
            3.101854570327352e-06,
            0.0,
            3.1998911800984323e-06
        ],
        [
            4.449630855074907e-07,
            3.1998911800984323e-06,
            0.0
        ]
    ]
}