{
    "mp-id": "mp-1040826",
    "central_atom": "Cr",
    "band_gap": 0.0,
    "density": 5.033183184398846,
    "formula": "LaVCrO6",
    "space_group_number": 1,
    "space_group_symbol": "P1",
    "steinhart_parameter_sum 1/r^7": 6.022039897245944e-05,
    "electronegativity_std": 0.9595117855608236,
    "quadrupole_moment_normalized_1/r^7": [
        [
            -0.12781674230313467,
            -0.00904802593770022,
            -0.009526674061490022
        ],
        [
            -0.00904802593770022,
            -0.13989816162227686,
            -0.003869040004034337
        ],
        [
            -0.009526674061490022,
            -0.003869040004034337,
            -0.14636290552270187
        ]
    ],
    "normalized_dipole_anisotropy_matrix_1/r^7": [
        [
            0.0,
            0.0017876443110784873,
            0.0033606524291686125
        ],
        [
            0.0017876443110784873,
            0.0,
            0.0015730081180901252
        ],
        [
            0.0033606524291686125,
            0.0015730081180901252,
            0.0
        ]
    ],
    "normalized_quadrupole_anisotropy_matrix_sum_1/r^7": 0.06643483506954598,
    "dipole_moment_normalized_1/r^7": [
        -0.014794611130179044,
        -0.01658225544125753,
        -0.018155263559347656
    ],
    "normalized_quadrupole_anisotropy_matrix_1/r^7": [
        [
            0.0,
            0.03321741753477299,
            0.01765300534560886
        ],
        [
            0.03321741753477299,
            0.0,
            0.015564412189164128
        ],
        [
            0.01765300534560886,
            0.015564412189164128,
            0.0
        ]
    ],
    "normalized_dipole_anisotropy_matrix_sum_1/r^7": 0.006721304858337225,
    "average_electronegativity": 2.738902654867257,
    "avg_spectra_anisotropy_matrix": [
        [
            0.0,
            0.020528983986243195,
            0.013799208256304683
        ],
        [
            0.020528983986243195,
            0.0,
            0.018350769772060075
        ],
        [
            0.013799208256304683,
            0.018350769772060075,
            0.0
        ]
    ]
}