{
    "mp-id": "mp-1521763",
    "central_atom": "Cr",
    "band_gap": 0.879699999999999,
    "density": 6.172923234385284,
    "formula": "SrCrSnSbO6",
    "space_group_number": 216,
    "space_group_symbol": "F-43m",
    "steinhart_parameter_sum 1/r^7": 3.286065162806735e-05,
    "electronegativity_std": 0.947163387461613,
    "quadrupole_moment_normalized_1/r^7": [
        [
            -0.10742908939098497,
            -5.3459213916534284e-17,
            6.324540907263684e-17
        ],
        [
            -5.3459213916534284e-17,
            -0.10742908939098476,
            -9.488330726244664e-17
        ],
        [
            6.324540907263684e-17,
            -9.488330726244664e-17,
            -0.10742908939098524
        ]
    ],
    "normalized_dipole_anisotropy_matrix_1/r^7": [
        [
            0.0,
            6.271405471691238e-18,
            8.044875411049009e-17
        ],
        [
            6.271405471691238e-18,
            0.0,
            7.417734863879885e-17
        ],
        [
            8.044875411049009e-17,
            7.417734863879885e-17,
            0.0
        ]
    ],
    "normalized_quadrupole_anisotropy_matrix_sum_1/r^7": 1.0824674490095276e-15,
    "dipole_moment_normalized_1/r^7": [
        -2.1721736415862905e-17,
        -2.799314188755414e-17,
        -1.02170490526353e-16
    ],
    "normalized_quadrupole_anisotropy_matrix_1/r^7": [
        [
            0.0,
            2.498001805406602e-16,
            5.412337245047638e-16
        ],
        [
            2.498001805406602e-16,
            0.0,
            2.914335439641036e-16
        ],
        [
            5.412337245047638e-16,
            2.914335439641036e-16,
            0.0
        ]
    ],
    "normalized_dipole_anisotropy_matrix_sum_1/r^7": 1.6089750822098018e-16,
    "average_electronegativity": 2.689283154121864,
    "avg_spectra_anisotropy_matrix": [
        [
            0.0,
            3.6782137851920157e-06,
            3.497936710139414e-06
        ],
        [
            3.6782137851920157e-06,
            0.0,
            6.522506461876487e-07
        ],
        [
            3.497936710139414e-06,
            6.522506461876487e-07,
            0.0
        ]
    ]
}