{
    "mp-id": "mp-1218722",
    "central_atom": "Cr",
    "band_gap": 0.912899999999999,
    "density": 6.16129961008566,
    "formula": "Sr2Pr2CrNiO8",
    "space_group_number": 38,
    "space_group_symbol": "Amm2",
    "steinhart_parameter_sum 1/r^7": 5.4182582582749895e-05,
    "electronegativity_std": 1.097273085522468,
    "quadrupole_moment_normalized_1/r^7": [
        [
            -0.099831339381869,
            -0.025250305355988618,
            -1.1881331151136071e-17
        ],
        [
            -0.025250305355988618,
            -0.14754207706114505,
            -1.7946934086424116e-17
        ],
        [
            -1.1881331151136071e-17,
            -1.7946934086424116e-17,
            -0.15704576024893604
        ]
    ],
    "normalized_dipole_anisotropy_matrix_1/r^7": [
        [
            0.0,
            0.016390900496893963,
            0.011454566665002447
        ],
        [
            0.016390900496893963,
            0.0,
            0.004936333831891517
        ],
        [
            0.011454566665002447,
            0.004936333831891517,
            0.0
        ]
    ],
    "normalized_quadrupole_anisotropy_matrix_sum_1/r^7": 0.13894784880930486,
    "dipole_moment_normalized_1/r^7": [
        -0.011454566665002424,
        0.00493633383189154,
        2.3059942593406293e-17
    ],
    "normalized_quadrupole_anisotropy_matrix_1/r^7": [
        [
            0.0,
            0.06947392440465243,
            0.06809601422975524
        ],
        [
            0.06947392440465243,
            0.0,
            0.00137791017489719
        ],
        [
            0.06809601422975524,
            0.00137791017489719,
            0.0
        ]
    ],
    "normalized_dipole_anisotropy_matrix_sum_1/r^7": 0.03278180099378793,
    "average_electronegativity": 2.506762589928058,
    "avg_spectra_anisotropy_matrix": [
        [
            0.0,
            0.05933830444358627,
            0.058208216652646305
        ],
        [
            0.05933830444358627,
            0.0,
            0.002724641393956849
        ],
        [
            0.058208216652646305,
            0.002724641393956849,
            0.0
        ]
    ]
}