{
    "mp-id": "mp-1519369",
    "central_atom": "Cr",
    "band_gap": 0.0,
    "density": 5.554059262358977,
    "formula": "CaEuZrCrO6",
    "space_group_number": 216,
    "space_group_symbol": "F-43m",
    "steinhart_parameter_sum 1/r^7": 4.218910474774719e-05,
    "electronegativity_std": 1.0776466516097818,
    "quadrupole_moment_normalized_1/r^7": [
        [
            -0.13179488087852695,
            8.064794938026257e-17,
            4.544183371015431e-18
        ],
        [
            8.064794938026257e-17,
            -0.13179488087852576,
            -1.0470174261010406e-17
        ],
        [
            4.544183371015431e-18,
            -1.0470174261010406e-17,
            -0.13179488087852723
        ]
    ],
    "normalized_dipole_anisotropy_matrix_1/r^7": [
        [
            0.0,
            2.0685672435791083e-16,
            1.0364342536976865e-16
        ],
        [
            2.0685672435791083e-16,
            0.0,
            3.105001497276795e-16
        ],
        [
            1.0364342536976865e-16,
            3.105001497276795e-16,
            0.0
        ]
    ],
    "normalized_quadrupole_anisotropy_matrix_sum_1/r^7": 2.831068712794149e-15,
    "dipole_moment_normalized_1/r^7": [
        -8.97112156950931e-17,
        -2.9656794005300394e-16,
        1.3932209674675546e-17
    ],
    "normalized_quadrupole_anisotropy_matrix_1/r^7": [
        [
            0.0,
            1.1102230246251565e-15,
            3.0531133177191805e-16
        ],
        [
            1.1102230246251565e-15,
            0.0,
            1.4155343563970746e-15
        ],
        [
            3.0531133177191805e-16,
            1.4155343563970746e-15,
            0.0
        ]
    ],
    "normalized_dipole_anisotropy_matrix_sum_1/r^7": 6.21000299455359e-16,
    "average_electronegativity": 2.5537275985663084,
    "avg_spectra_anisotropy_matrix": [
        [
            0.0,
            5.764833920861667e-07,
            3.78447454284848e-07
        ],
        [
            5.764833920861667e-07,
            0.0,
            4.6093277090785e-07
        ],
        [
            3.78447454284848e-07,
            4.6093277090785e-07,
            0.0
        ]
    ]
}