{
    "mp-id": "mp-1520664",
    "central_atom": "Cr",
    "band_gap": 2.6321,
    "density": 7.277936507442191,
    "formula": "SrSmHfCrO6",
    "space_group_number": 216,
    "space_group_symbol": "F-43m",
    "steinhart_parameter_sum 1/r^7": 3.819613000424444e-05,
    "electronegativity_std": 1.0933853823807858,
    "quadrupole_moment_normalized_1/r^7": [
        [
            -0.12211744398014598,
            3.5971795203995627e-17,
            -2.0476597983399084e-17
        ],
        [
            3.5971795203995627e-17,
            -0.12211744398014525,
            2.1050674563400686e-17
        ],
        [
            -2.0476597983399084e-17,
            2.1050674563400686e-17,
            -0.12211744398014557
        ]
    ],
    "normalized_dipole_anisotropy_matrix_1/r^7": [
        [
            0.0,
            9.771043854258548e-17,
            4.074064363659654e-17
        ],
        [
            9.771043854258548e-17,
            0.0,
            5.696979490598894e-17
        ],
        [
            4.074064363659654e-17,
            5.696979490598894e-17,
            0.0
        ]
    ],
    "normalized_quadrupole_anisotropy_matrix_sum_1/r^7": 1.6653345369377348e-15,
    "dipole_moment_normalized_1/r^7": [
        -9.071087590383116e-17,
        6.999562638754318e-18,
        -4.997023226723462e-17
    ],
    "normalized_quadrupole_anisotropy_matrix_1/r^7": [
        [
            0.0,
            4.440892098500626e-16,
            8.326672684688674e-16
        ],
        [
            4.440892098500626e-16,
            0.0,
            3.885780586188048e-16
        ],
        [
            8.326672684688674e-16,
            3.885780586188048e-16,
            0.0
        ]
    ],
    "normalized_dipole_anisotropy_matrix_sum_1/r^7": 1.9542087708517095e-16,
    "average_electronegativity": 2.541935483870968,
    "avg_spectra_anisotropy_matrix": [
        [
            0.0,
            5.313570890434907e-07,
            4.1893163572210305e-06
        ],
        [
            5.313570890434907e-07,
            0.0,
            4.176819154106782e-06
        ],
        [
            4.1893163572210305e-06,
            4.176819154106782e-06,
            0.0
        ]
    ]
}