{
    "mp-id": "mp-1522613",
    "central_atom": "Cr",
    "band_gap": 0.0,
    "density": 6.858735914216622,
    "formula": "BaEuCrSnO6",
    "space_group_number": 216,
    "space_group_symbol": "F-43m",
    "steinhart_parameter_sum 1/r^7": 3.7814469631383614e-05,
    "electronegativity_std": 0.9927894550007994,
    "quadrupole_moment_normalized_1/r^7": [
        [
            -0.11391337368179766,
            8.920908648834928e-17,
            -8.353354222527185e-17
        ],
        [
            8.920908648834928e-17,
            -0.11391337368179714,
            8.621524853627896e-18
        ],
        [
            -8.353354222527185e-17,
            8.621524853627896e-18,
            -0.1139133736817976
        ]
    ],
    "normalized_dipole_anisotropy_matrix_1/r^7": [
        [
            0.0,
            1.3395241078697562e-16,
            2.2005042466939867e-17
        ],
        [
            1.3395241078697562e-16,
            0.0,
            1.1194736832003576e-16
        ],
        [
            2.2005042466939867e-17,
            1.1194736832003576e-16,
            0.0
        ]
    ],
    "normalized_quadrupole_anisotropy_matrix_sum_1/r^7": 1.2212453270876722e-15,
    "dipole_moment_normalized_1/r^7": [
        -1.2699096463084775e-16,
        6.961446156127874e-18,
        -1.0498592216390788e-16
    ],
    "normalized_quadrupole_anisotropy_matrix_1/r^7": [
        [
            0.0,
            1.6653345369377348e-16,
            6.106226635438361e-16
        ],
        [
            1.6653345369377348e-16,
            0.0,
            4.440892098500626e-16
        ],
        [
            6.106226635438361e-16,
            4.440892098500626e-16,
            0.0
        ]
    ],
    "normalized_dipole_anisotropy_matrix_sum_1/r^7": 2.6790482157395125e-16,
    "average_electronegativity": 2.728,
    "avg_spectra_anisotropy_matrix": [
        [
            0.0,
            3.8763418641830074e-07,
            6.759854614800583e-07
        ],
        [
            3.8763418641830074e-07,
            0.0,
            7.832515871824334e-07
        ],
        [
            6.759854614800583e-07,
            7.832515871824334e-07,
            0.0
        ]
    ]
}