{
    "mp-id": "mp-1519575",
    "central_atom": "Cr",
    "band_gap": 0.021899999999999,
    "density": 6.690043228512752,
    "formula": "PrEuZrCrO6",
    "space_group_number": 216,
    "space_group_symbol": "F-43m",
    "steinhart_parameter_sum 1/r^7": 3.7766645700503784e-05,
    "electronegativity_std": 1.0554153718428638,
    "quadrupole_moment_normalized_1/r^7": [
        [
            -0.12154960667111134,
            4.035095554130036e-17,
            1.1737716714929104e-16
        ],
        [
            4.035095554130036e-17,
            -0.12154960667111138,
            -7.73307199525286e-17
        ],
        [
            1.1737716714929104e-16,
            -7.73307199525286e-17,
            -0.12154960667111141
        ]
    ],
    "normalized_dipole_anisotropy_matrix_1/r^7": [
        [
            0.0,
            1.871540472782058e-17,
            4.130889686508577e-17
        ],
        [
            1.871540472782058e-17,
            0.0,
            2.259349213726519e-17
        ],
        [
            4.130889686508577e-17,
            2.259349213726519e-17,
            0.0
        ]
    ],
    "normalized_quadrupole_anisotropy_matrix_sum_1/r^7": 6.938893903907228e-16,
    "dipole_moment_normalized_1/r^7": [
        1.2155981584283278e-18,
        1.9931002886248907e-17,
        4.25244950235141e-17
    ],
    "normalized_quadrupole_anisotropy_matrix_1/r^7": [
        [
            0.0,
            3.469446951953614e-16,
            2.3592239273284576e-16
        ],
        [
            3.469446951953614e-16,
            0.0,
            1.1102230246251565e-16
        ],
        [
            2.3592239273284576e-16,
            1.1102230246251565e-16,
            0.0
        ]
    ],
    "normalized_dipole_anisotropy_matrix_sum_1/r^7": 8.261779373017154e-17,
    "average_electronegativity": 2.569569892473118,
    "avg_spectra_anisotropy_matrix": [
        [
            0.0,
            3.4068487016134912e-06,
            8.411845403106215e-07
        ],
        [
            3.4068487016134912e-06,
            0.0,
            3.1674648580736486e-06
        ],
        [
            8.411845403106215e-07,
            3.1674648580736486e-06,
            0.0
        ]
    ]
}