{
    "mp-id": "mp-1034815",
    "central_atom": "Cr",
    "band_gap": 1.5587,
    "density": 3.521843236872872,
    "formula": "Mg14CrSiO16",
    "space_group_number": 123,
    "space_group_symbol": "P4/mmm",
    "steinhart_parameter_sum 1/r^7": 1.479948870812126e-05,
    "electronegativity_std": 1.0466110100629977,
    "quadrupole_moment_normalized_1/r^7": [
        [
            -0.050409001748826975,
            -1.8795661099572925e-18,
            -5.645686351686725e-18
        ],
        [
            -1.8795661099572925e-18,
            -0.050409001748827016,
            -5.289720755603106e-18
        ],
        [
            -5.645686351686725e-18,
            -5.289720755603106e-18,
            -0.06868290296792177
        ]
    ],
    "normalized_dipole_anisotropy_matrix_1/r^7": [
        [
            0.0,
            2.0627661015585968e-17,
            8.833566317083209e-17
        ],
        [
            2.0627661015585968e-17,
            0.0,
            6.770800215524612e-17
        ],
        [
            8.833566317083209e-17,
            6.770800215524612e-17,
            0.0
        ]
    ],
    "normalized_quadrupole_anisotropy_matrix_sum_1/r^7": 0.036547802438189544,
    "dipole_moment_normalized_1/r^7": [
        -3.520922732345034e-17,
        -1.4581566307864374e-17,
        5.312643584738175e-17
    ],
    "normalized_quadrupole_anisotropy_matrix_1/r^7": [
        [
            0.0,
            0.018273901219094772,
            2.0816681711721685e-17
        ],
        [
            0.018273901219094772,
            0.0,
            0.01827390121909475
        ],
        [
            2.0816681711721685e-17,
            0.01827390121909475,
            0.0
        ]
    ],
    "normalized_dipole_anisotropy_matrix_sum_1/r^7": 1.7667132634166418e-16,
    "average_electronegativity": 2.401463414634146,
    "avg_spectra_anisotropy_matrix": [
        [
            0.0,
            0.022339317997899746,
            1.9521293618496497e-07
        ],
        [
            0.022339317997899746,
            0.0,
            0.022339313049321848
        ],
        [
            1.9521293618496497e-07,
            0.022339313049321848,
            0.0
        ]
    ]
}