{
    "mp-id": "mp-1227851",
    "central_atom": "Cr",
    "band_gap": 0.0,
    "density": 6.464285472616185,
    "formula": "BaLaNbCrO6",
    "space_group_number": 216,
    "space_group_symbol": "F-43m",
    "steinhart_parameter_sum 1/r^7": 3.3561241116163906e-05,
    "electronegativity_std": 1.0947949966010417,
    "quadrupole_moment_normalized_1/r^7": [
        [
            -0.10957749929828729,
            -6.4454972121315984e-18,
            5.2909489533766244e-17
        ],
        [
            -6.4454972121315984e-18,
            -0.10957749929828695,
            -1.1045224928901351e-16
        ],
        [
            5.2909489533766244e-17,
            -1.1045224928901351e-16,
            -0.10957749929828733
        ]
    ],
    "normalized_dipole_anisotropy_matrix_1/r^7": [
        [
            0.0,
            8.87351450845809e-17,
            4.532949756790592e-19
        ],
        [
            8.87351450845809e-17,
            0.0,
            8.918844006025996e-17
        ],
        [
            4.532949756790592e-19,
            8.918844006025996e-17,
            0.0
        ]
    ],
    "normalized_quadrupole_anisotropy_matrix_sum_1/r^7": 1.1102230246251565e-15,
    "dipole_moment_normalized_1/r^7": [
        -2.444492087150588e-17,
        6.429022421307502e-17,
        -2.4898215847184938e-17
    ],
    "normalized_quadrupole_anisotropy_matrix_1/r^7": [
        [
            0.0,
            1.6653345369377348e-16,
            3.885780586188048e-16
        ],
        [
            1.6653345369377348e-16,
            0.0,
            5.551115123125783e-16
        ],
        [
            3.885780586188048e-16,
            5.551115123125783e-16,
            0.0
        ]
    ],
    "normalized_dipole_anisotropy_matrix_sum_1/r^7": 1.7837688012051992e-16,
    "average_electronegativity": 2.5465232974910395,
    "avg_spectra_anisotropy_matrix": [
        [
            0.0,
            3.936159448564403e-06,
            3.852032606177595e-06
        ],
        [
            3.936159448564403e-06,
            0.0,
            5.78350210268915e-07
        ],
        [
            3.852032606177595e-06,
            5.78350210268915e-07,
            0.0
        ]
    ]
}