{
    "mp-id": "mp-1035006",
    "central_atom": "Cr",
    "band_gap": 0.014700000000000001,
    "density": 3.7646968542440122,
    "formula": "Mg14CrCoO16",
    "space_group_number": 123,
    "space_group_symbol": "P4/mmm",
    "steinhart_parameter_sum 1/r^7": 1.9292068634713714e-05,
    "electronegativity_std": 1.0468757063285952,
    "quadrupole_moment_normalized_1/r^7": [
        [
            -0.07931991852865027,
            1.4759549105906183e-18,
            2.8908175698605203e-18
        ],
        [
            1.4759549105906183e-18,
            -0.07931991852865028,
            -4.084816388133863e-18
        ],
        [
            2.8908175698605203e-18,
            -4.084816388133863e-18,
            -0.06670961784634614
        ]
    ],
    "normalized_dipole_anisotropy_matrix_1/r^7": [
        [
            0.0,
            2.605412465261144e-17,
            1.638021430157928e-17
        ],
        [
            2.605412465261144e-17,
            0.0,
            4.243433895419072e-17
        ],
        [
            1.638021430157928e-17,
            4.243433895419072e-17,
            0.0
        ]
    ],
    "normalized_quadrupole_anisotropy_matrix_sum_1/r^7": 0.02522060136460824,
    "dipole_moment_normalized_1/r^7": [
        5.887193973794648e-17,
        8.492606439055791e-17,
        4.2491725436367197e-17
    ],
    "normalized_quadrupole_anisotropy_matrix_1/r^7": [
        [
            0.0,
            0.01261030068230412,
            2.7755575615628914e-17
        ],
        [
            0.01261030068230412,
            0.0,
            0.012610300682304093
        ],
        [
            2.7755575615628914e-17,
            0.012610300682304093,
            0.0
        ]
    ],
    "normalized_dipole_anisotropy_matrix_sum_1/r^7": 8.486867790838144e-17,
    "average_electronegativity": 2.400921409214092,
    "avg_spectra_anisotropy_matrix": [
        [
            0.0,
            0.015714675484302682,
            1.262001593458751e-07
        ],
        [
            0.015714675484302682,
            0.0,
            0.01571467424273186
        ],
        [
            1.262001593458751e-07,
            0.01571467424273186,
            0.0
        ]
    ]
}