{
    "mp-id": "mp-1033839",
    "central_atom": "Cr",
    "band_gap": 0.196799999999999,
    "density": 4.220320581644329,
    "formula": "HfMg14CrO16",
    "space_group_number": 123,
    "space_group_symbol": "P4/mmm",
    "steinhart_parameter_sum 1/r^7": 1.2875571059340848e-05,
    "electronegativity_std": 1.0588645165363073,
    "quadrupole_moment_normalized_1/r^7": [
        [
            -0.03409361681977288,
            -2.4377608221978764e-18,
            -2.3964679660192292e-18
        ],
        [
            -2.4377608221978764e-18,
            -0.034093616819772875,
            -2.669636091508741e-18
        ],
        [
            -2.3964679660192292e-18,
            -2.669636091508741e-18,
            -0.06293607671743438
        ]
    ],
    "normalized_dipole_anisotropy_matrix_1/r^7": [
        [
            0.0,
            1.8879305603114287e-18,
            5.456136259958974e-18
        ],
        [
            1.8879305603114287e-18,
            0.0,
            3.568205699647545e-18
        ],
        [
            5.456136259958974e-18,
            3.568205699647545e-18,
            0.0
        ]
    ],
    "normalized_quadrupole_anisotropy_matrix_sum_1/r^7": 0.05768491979532302,
    "dipole_moment_normalized_1/r^7": [
        5.376329874459858e-18,
        3.488399314148429e-18,
        -7.980638549911611e-20
    ],
    "normalized_quadrupole_anisotropy_matrix_1/r^7": [
        [
            0.0,
            6.938893903907228e-18,
            0.0288424598976615
        ],
        [
            6.938893903907228e-18,
            0.0,
            0.02884245989766151
        ],
        [
            0.0288424598976615,
            0.02884245989766151,
            0.0
        ]
    ],
    "normalized_dipole_anisotropy_matrix_sum_1/r^7": 1.0912272519917948e-17,
    "average_electronegativity": 2.3852032520325204,
    "avg_spectra_anisotropy_matrix": [
        [
            0.0,
            1.2588396836766292e-07,
            0.037184178639811154
        ],
        [
            1.2588396836766292e-07,
            0.0,
            0.03718417984879845
        ],
        [
            0.037184178639811154,
            0.03718417984879845,
            0.0
        ]
    ]
}