{
    "mp-id": "mp-1036101",
    "central_atom": "Cr",
    "band_gap": 0.0,
    "density": 3.7005403964772263,
    "formula": "Mg14MnCrO16",
    "space_group_number": 123,
    "space_group_symbol": "P4/mmm",
    "steinhart_parameter_sum 1/r^7": 1.5044484246738727e-05,
    "electronegativity_std": 1.0526809956785386,
    "quadrupole_moment_normalized_1/r^7": [
        [
            -0.050157972325633314,
            2.647824993116943e-18,
            4.030606279509588e-18
        ],
        [
            2.647824993116943e-18,
            -0.05015797232563336,
            -3.568232169427147e-18
        ],
        [
            4.030606279509588e-18,
            -3.568232169427147e-18,
            -0.07007095532555281
        ]
    ],
    "normalized_dipole_anisotropy_matrix_1/r^7": [
        [
            0.0,
            2.2758292985065355e-17,
            5.922547011430674e-17
        ],
        [
            2.2758292985065355e-17,
            0.0,
            3.6467177129241384e-17
        ],
        [
            5.922547011430674e-17,
            3.6467177129241384e-17,
            0.0
        ]
    ],
    "normalized_quadrupole_anisotropy_matrix_sum_1/r^7": 0.039825965999838966,
    "dipole_moment_normalized_1/r^7": [
        -4.171573737756385e-17,
        -1.8957444392498496e-17,
        1.7509732736742888e-17
    ],
    "normalized_quadrupole_anisotropy_matrix_1/r^7": [
        [
            0.0,
            0.019912982999919483,
            2.7755575615628914e-17
        ],
        [
            0.019912982999919483,
            0.0,
            0.019912982999919455
        ],
        [
            2.7755575615628914e-17,
            0.019912982999919455,
            0.0
        ]
    ],
    "normalized_dipole_anisotropy_matrix_sum_1/r^7": 1.1845094022861348e-16,
    "average_electronegativity": 2.3919783197831976,
    "avg_spectra_anisotropy_matrix": [
        [
            0.0,
            0.023828144978178156,
            1.8987675237321905e-07
        ],
        [
            0.023828144978178156,
            0.0,
            0.023828140000600226
        ],
        [
            1.8987675237321905e-07,
            0.023828140000600226,
            0.0
        ]
    ]
}