{
    "mp-id": "mp-1218698",
    "central_atom": "Cr",
    "band_gap": 0.0,
    "density": 6.028560859859092,
    "formula": "Sr2La2CrNiO8",
    "space_group_number": 38,
    "space_group_symbol": "Amm2",
    "steinhart_parameter_sum 1/r^7": 4.027507647590974e-05,
    "electronegativity_std": 1.1060345096113071,
    "quadrupole_moment_normalized_1/r^7": [
        [
            -0.09135770317278293,
            -0.012949678843903837,
            2.1252480163084023e-17
        ],
        [
            -0.012949678843903837,
            -0.11566023663549288,
            7.562267801439031e-17
        ],
        [
            2.1252480163084023e-17,
            7.562267801439031e-17,
            -0.12104351865165115
        ]
    ],
    "normalized_dipole_anisotropy_matrix_1/r^7": [
        [
            0.0,
            0.012717102553957076,
            0.008874677263878769
        ],
        [
            0.012717102553957076,
            0.0,
            0.0038424252900783056
        ],
        [
            0.008874677263878769,
            0.0038424252900783056,
            0.0
        ]
    ],
    "normalized_quadrupole_anisotropy_matrix_sum_1/r^7": 0.07103210151324937,
    "dipole_moment_normalized_1/r^7": [
        -0.008874677263878734,
        0.0038424252900783407,
        3.533419115294995e-17
    ],
    "normalized_quadrupole_anisotropy_matrix_1/r^7": [
        [
            0.0,
            0.03551605075662469,
            0.03529257412582561
        ],
        [
            0.03551605075662469,
            0.0,
            0.00022347663079907987
        ],
        [
            0.03529257412582561,
            0.00022347663079907987,
            0.0
        ]
    ],
    "normalized_dipole_anisotropy_matrix_sum_1/r^7": 0.02543420510791415,
    "average_electronegativity": 2.4816544117647057,
    "avg_spectra_anisotropy_matrix": [
        [
            0.0,
            0.06187907088572199,
            0.061485378242589546
        ],
        [
            0.06187907088572199,
            0.0,
            0.0009696331535612679
        ],
        [
            0.061485378242589546,
            0.0009696331535612679,
            0.0
        ]
    ]
}