{
    "mp-id": "mp-1516756",
    "central_atom": "Cr",
    "band_gap": 0.0,
    "density": 5.829885575250013,
    "formula": "BaSrCeCrO6",
    "space_group_number": 216,
    "space_group_symbol": "F-43m",
    "steinhart_parameter_sum 1/r^7": 4.329972082631885e-05,
    "electronegativity_std": 1.0947895020621323,
    "quadrupole_moment_normalized_1/r^7": [
        [
            -0.13096554983411754,
            -7.633143283300534e-17,
            -7.962025000895698e-17
        ],
        [
            -7.633143283300534e-17,
            -0.13096554983411643,
            5.702172861356746e-17
        ],
        [
            -7.962025000895698e-17,
            5.702172861356746e-17,
            -0.13096554983411646
        ]
    ],
    "normalized_dipole_anisotropy_matrix_1/r^7": [
        [
            0.0,
            2.290512482298291e-16,
            2.3571291089707794e-16
        ],
        [
            2.290512482298291e-16,
            0.0,
            6.661662667248856e-18
        ],
        [
            2.3571291089707794e-16,
            6.661662667248856e-18,
            0.0
        ]
    ],
    "normalized_quadrupole_anisotropy_matrix_sum_1/r^7": 2.3314683517128287e-15,
    "dipole_moment_normalized_1/r^7": [
        -1.7383117192996131e-16,
        5.522007629986777e-17,
        6.188173896711662e-17
    ],
    "normalized_quadrupole_anisotropy_matrix_1/r^7": [
        [
            0.0,
            1.1657341758564144e-15,
            5.551115123125783e-17
        ],
        [
            1.1657341758564144e-15,
            0.0,
            1.1102230246251565e-15
        ],
        [
            5.551115123125783e-17,
            1.1102230246251565e-15,
            0.0
        ]
    ],
    "normalized_dipole_anisotropy_matrix_sum_1/r^7": 4.714258217941559e-16,
    "average_electronegativity": 2.643843137254902,
    "avg_spectra_anisotropy_matrix": [
        [
            0.0,
            8.983667468946367e-07,
            4.247242100577301e-06
        ],
        [
            8.983667468946367e-07,
            0.0,
            4.394102157650342e-06
        ],
        [
            4.247242100577301e-06,
            4.394102157650342e-06,
            0.0
        ]
    ]
}