{
    "mp-id": "mp-1518767",
    "central_atom": "Cr",
    "band_gap": 0.0,
    "density": 8.071685950273832,
    "formula": "EuCrSnBiO6",
    "space_group_number": 216,
    "space_group_symbol": "F-43m",
    "steinhart_parameter_sum 1/r^7": 3.721791510865587e-05,
    "electronegativity_std": 0.8921420352908781,
    "quadrupole_moment_normalized_1/r^7": [
        [
            -0.11973812264184062,
            -1.562479326152645e-17,
            -8.452414725708575e-17
        ],
        [
            -1.562479326152645e-17,
            -0.11973812264184093,
            1.010785591782238e-17
        ],
        [
            -8.452414725708575e-17,
            1.010785591782238e-17,
            -0.11973812264184049
        ]
    ],
    "normalized_dipole_anisotropy_matrix_1/r^7": [
        [
            0.0,
            2.393315018221973e-16,
            1.8649389097493948e-17
        ],
        [
            2.393315018221973e-16,
            0.0,
            2.5798089091969126e-16
        ],
        [
            1.8649389097493948e-17,
            2.5798089091969126e-16,
            0.0
        ]
    ],
    "normalized_quadrupole_anisotropy_matrix_sum_1/r^7": 9.159339953157541e-16,
    "dipole_moment_normalized_1/r^7": [
        -1.0001765041178778e-17,
        2.2932973678101853e-16,
        -2.8651154138672726e-17
    ],
    "normalized_quadrupole_anisotropy_matrix_1/r^7": [
        [
            0.0,
            2.220446049250313e-16,
            4.579669976578771e-16
        ],
        [
            2.220446049250313e-16,
            0.0,
            2.3592239273284576e-16
        ],
        [
            4.579669976578771e-16,
            2.3592239273284576e-16,
            0.0
        ]
    ],
    "normalized_dipole_anisotropy_matrix_sum_1/r^7": 5.159617818393825e-16,
    "average_electronegativity": 2.720931899641577,
    "avg_spectra_anisotropy_matrix": [
        [
            0.0,
            3.734869946199126e-06,
            3.6915763391602986e-06
        ],
        [
            3.734869946199126e-06,
            0.0,
            3.876593291286716e-07
        ],
        [
            3.6915763391602986e-06,
            3.876593291286716e-07,
            0.0
        ]
    ]
}