{
    "mp-id": "mp-1520342",
    "central_atom": "Cr",
    "band_gap": 0.0,
    "density": 6.026320044865768,
    "formula": "BaSrEuCrO6",
    "space_group_number": 216,
    "space_group_symbol": "F-43m",
    "steinhart_parameter_sum 1/r^7": 5.3624075885564034e-05,
    "electronegativity_std": 1.0866640626627257,
    "quadrupole_moment_normalized_1/r^7": [
        [
            -0.1547881852901124,
            -6.609812339476072e-17,
            -5.711394932569978e-17
        ],
        [
            -6.609812339476072e-17,
            -0.15478818529011312,
            3.5702862243242386e-17
        ],
        [
            -5.711394932569978e-17,
            3.5702862243242386e-17,
            -0.15478818529011232
        ]
    ],
    "normalized_dipole_anisotropy_matrix_1/r^7": [
        [
            0.0,
            5.60831896382301e-17,
            3.1536201296580076e-17
        ],
        [
            5.60831896382301e-17,
            0.0,
            8.761939093481017e-17
        ],
        [
            3.1536201296580076e-17,
            8.761939093481017e-17,
            0.0
        ]
    ],
    "normalized_quadrupole_anisotropy_matrix_sum_1/r^7": 1.5543122344752192e-15,
    "dipole_moment_normalized_1/r^7": [
        5.730707283767376e-18,
        -5.035248235446272e-17,
        3.726690858034745e-17
    ],
    "normalized_quadrupole_anisotropy_matrix_1/r^7": [
        [
            0.0,
            6.106226635438361e-16,
            1.6653345369377348e-16
        ],
        [
            6.106226635438361e-16,
            0.0,
            7.771561172376096e-16
        ],
        [
            1.6653345369377348e-16,
            7.771561172376096e-16,
            0.0
        ]
    ],
    "normalized_dipole_anisotropy_matrix_sum_1/r^7": 1.7523878186962035e-16,
    "average_electronegativity": 2.6498039215686275,
    "avg_spectra_anisotropy_matrix": [
        [
            0.0,
            2.455800791911219e-06,
            2.8927098892960165e-07
        ],
        [
            2.455800791911219e-06,
            0.0,
            2.3866725848104407e-06
        ],
        [
            2.8927098892960165e-07,
            2.3866725848104407e-06,
            0.0
        ]
    ]
}