{
    "mp-id": "mp-1036952",
    "central_atom": "Cr",
    "band_gap": 0.6154000000000001,
    "density": 3.620931036838971,
    "formula": "Mg30CrCoO32",
    "space_group_number": 123,
    "space_group_symbol": "P4/mmm",
    "steinhart_parameter_sum 1/r^7": 2.165356071039946e-05,
    "electronegativity_std": 1.055687653979257,
    "quadrupole_moment_normalized_1/r^7": [
        [
            -0.08676400511445367,
            1.9198001749518717e-18,
            -1.2557263443045003e-18
        ],
        [
            1.9198001749518717e-18,
            -0.08676400511445373,
            -5.002364828247084e-18
        ],
        [
            -1.2557263443045003e-18,
            -5.002364828247084e-18,
            -0.08187534110538114
        ]
    ],
    "normalized_dipole_anisotropy_matrix_1/r^7": [
        [
            0.0,
            2.7102195575940628e-17,
            1.9929520578591212e-17
        ],
        [
            2.7102195575940628e-17,
            0.0,
            7.172674997349415e-18
        ],
        [
            1.9929520578591212e-17,
            7.172674997349415e-18,
            0.0
        ]
    ],
    "normalized_quadrupole_anisotropy_matrix_sum_1/r^7": 0.009777328018145126,
    "dipole_moment_normalized_1/r^7": [
        -2.0714190725103915e-17,
        6.388004850836713e-18,
        -7.846701465127025e-19
    ],
    "normalized_quadrupole_anisotropy_matrix_1/r^7": [
        [
            0.0,
            2.7755575615628914e-17,
            0.004888664009072535
        ],
        [
            2.7755575615628914e-17,
            0.0,
            0.004888664009072563
        ],
        [
            0.004888664009072535,
            0.004888664009072563,
            0.0
        ]
    ],
    "normalized_dipole_anisotropy_matrix_sum_1/r^7": 5.4204391151881255e-17,
    "average_electronegativity": 2.3899999999999997,
    "avg_spectra_anisotropy_matrix": [
        [
            0.0,
            1.0690662633300519e-07,
            0.003940110557729336
        ],
        [
            1.0690662633300519e-07,
            0.0,
            0.003940117513849326
        ],
        [
            0.003940110557729336,
            0.003940117513849326,
            0.0
        ]
    ]
}