{
    "mp-id": "mp-1040835",
    "central_atom": "Cr",
    "band_gap": 0.0,
    "density": 6.735637148393098,
    "formula": "LaCrReO6",
    "space_group_number": 1,
    "space_group_symbol": "P1",
    "steinhart_parameter_sum 1/r^7": 3.9965641290257016e-05,
    "electronegativity_std": 0.9264699659190441,
    "quadrupole_moment_normalized_1/r^7": [
        [
            -0.11970984394085184,
            -0.0006357152081753367,
            -0.0009071011947271927
        ],
        [
            -0.0006357152081753367,
            -0.11838139938591585,
            0.0005272413004471771
        ],
        [
            -0.0009071011947271927,
            0.0005272413004471771,
            -0.1181876942172514
        ]
    ],
    "normalized_dipole_anisotropy_matrix_1/r^7": [
        [
            0.0,
            8.852609799063076e-05,
            0.0017147152211476617
        ],
        [
            8.852609799063076e-05,
            0.0,
            0.001626189123157031
        ],
        [
            0.0017147152211476617,
            0.001626189123157031,
            0.0
        ]
    ],
    "normalized_quadrupole_anisotropy_matrix_sum_1/r^7": 0.005918200639375898,
    "dipole_moment_normalized_1/r^7": [
        -0.0005471559984168707,
        -0.0004586299004262399,
        0.001167559222730791
    ],
    "normalized_quadrupole_anisotropy_matrix_1/r^7": [
        [
            0.0,
            0.002959100319687949,
            0.0013943647454069535
        ],
        [
            0.002959100319687949,
            0.0,
            0.0015647355742809954
        ],
        [
            0.0013943647454069535,
            0.0015647355742809954,
            0.0
        ]
    ],
    "normalized_dipole_anisotropy_matrix_sum_1/r^7": 0.0034294304422953234,
    "average_electronegativity": 2.7770902394106813,
    "avg_spectra_anisotropy_matrix": [
        [
            0.0,
            0.002243825849532016,
            0.0016559750683817808
        ],
        [
            0.002243825849532016,
            0.0,
            0.0014138604838643896
        ],
        [
            0.0016559750683817808,
            0.0014138604838643896,
            0.0
        ]
    ]
}