{
    "mp-id": "mp-1235588",
    "central_atom": "Cr",
    "band_gap": 2.7548,
    "density": 4.934974694951606,
    "formula": "Sr2LiZrCrO6",
    "space_group_number": 71,
    "space_group_symbol": "Immm",
    "steinhart_parameter_sum 1/r^7": 3.549821949006164e-05,
    "electronegativity_std": 1.1379870055469679,
    "quadrupole_moment_normalized_1/r^7": [
        [
            -0.11308292642328008,
            0.007230762590757509,
            -0.012566208965948816
        ],
        [
            0.007230762590757509,
            -0.10320242577763268,
            -0.012969527326065645
        ],
        [
            -0.012566208965948816,
            -0.012969527326065645,
            -0.09754932864984521
        ]
    ],
    "normalized_dipole_anisotropy_matrix_1/r^7": [
        [
            0.0,
            2.2453519942731417e-17,
            1.1682042827492855e-16
        ],
        [
            2.2453519942731417e-17,
            0.0,
            1.3927394821765997e-16
        ],
        [
            1.1682042827492855e-16,
            1.3927394821765997e-16,
            0.0
        ]
    ],
    "normalized_quadrupole_anisotropy_matrix_sum_1/r^7": 0.07871525417161512,
    "dipole_moment_normalized_1/r^7": [
        -3.991229835374104e-17,
        -6.236581829647246e-17,
        7.690812992118751e-17
    ],
    "normalized_quadrupole_anisotropy_matrix_1/r^7": [
        [
            0.0,
            0.03935762708580756,
            0.032283441504124696
        ],
        [
            0.03935762708580756,
            0.0,
            0.007074185581682865
        ],
        [
            0.032283441504124696,
            0.007074185581682865,
            0.0
        ]
    ],
    "normalized_dipole_anisotropy_matrix_sum_1/r^7": 2.7854789643531994e-16,
    "average_electronegativity": 2.4593862815884475,
    "avg_spectra_anisotropy_matrix": [
        [
            0.0,
            0.05024973325529583,
            0.04578005610583889
        ],
        [
            0.05024973325529583,
            0.0,
            0.00902797757633996
        ],
        [
            0.04578005610583889,
            0.00902797757633996,
            0.0
        ]
    ]
}