{
    "mp-id": "mp-1522185",
    "central_atom": "Cr",
    "band_gap": 2.684099999999999,
    "density": 6.603159170423999,
    "formula": "CaPrHfCrO6",
    "space_group_number": 216,
    "space_group_symbol": "F-43m",
    "steinhart_parameter_sum 1/r^7": 3.7189901681926565e-05,
    "electronegativity_std": 1.097304951802048,
    "quadrupole_moment_normalized_1/r^7": [
        [
            -0.12407228193595814,
            1.0131445785403412e-16,
            4.905548962375918e-17
        ],
        [
            1.0131445785403412e-16,
            -0.12407228193595869,
            -5.946679509493541e-17
        ],
        [
            4.905548962375918e-17,
            -5.946679509493541e-17,
            -0.12407228193595875
        ]
    ],
    "normalized_dipole_anisotropy_matrix_1/r^7": [
        [
            0.0,
            1.7335932163878146e-17,
            2.302590510381647e-16
        ],
        [
            1.7335932163878146e-17,
            0.0,
            2.1292311887428656e-16
        ],
        [
            2.302590510381647e-16,
            2.1292311887428656e-16,
            0.0
        ]
    ],
    "normalized_quadrupole_anisotropy_matrix_sum_1/r^7": 1.3877787807814457e-15,
    "dipole_moment_normalized_1/r^7": [
        -1.4382802085857271e-16,
        -1.2649208869469457e-16,
        8.643103017959199e-17
    ],
    "normalized_quadrupole_anisotropy_matrix_1/r^7": [
        [
            0.0,
            6.938893903907228e-16,
            5.273559366969494e-16
        ],
        [
            6.938893903907228e-16,
            0.0,
            1.6653345369377348e-16
        ],
        [
            5.273559366969494e-16,
            1.6653345369377348e-16,
            0.0
        ]
    ],
    "normalized_dipole_anisotropy_matrix_sum_1/r^7": 4.605181020763294e-16,
    "average_electronegativity": 2.4797278911564624,
    "avg_spectra_anisotropy_matrix": [
        [
            0.0,
            2.6471018156103033e-06,
            3.1857013182763307e-06
        ],
        [
            2.6471018156103033e-06,
            0.0,
            4.005305613776066e-06
        ],
        [
            3.1857013182763307e-06,
            4.005305613776066e-06,
            0.0
        ]
    ]
}