{
    "mp-id": "mp-1033034",
    "central_atom": "Cr",
    "band_gap": 0.08900000000000001,
    "density": 3.642505091193844,
    "formula": "Mg6AlCrO8",
    "space_group_number": 123,
    "space_group_symbol": "P4/mmm",
    "steinhart_parameter_sum 1/r^7": 1.572040852903841e-05,
    "electronegativity_std": 1.0299139322173558,
    "quadrupole_moment_normalized_1/r^7": [
        [
            -0.06826957271924669,
            1.1151404974119674e-17,
            -1.2306258992087633e-17
        ],
        [
            1.1151404974119674e-17,
            -0.06826957271924668,
            -1.261105003519565e-17
        ],
        [
            -1.2306258992087633e-17,
            -1.261105003519565e-17,
            -0.031056917037747843
        ]
    ],
    "normalized_dipole_anisotropy_matrix_1/r^7": [
        [
            0.0,
            7.123148865283708e-18,
            6.964808992568222e-18
        ],
        [
            7.123148865283708e-18,
            0.0,
            1.408795785785193e-17
        ],
        [
            6.964808992568222e-18,
            1.408795785785193e-17,
            0.0
        ]
    ],
    "normalized_quadrupole_anisotropy_matrix_sum_1/r^7": 0.07442531136299772,
    "dipole_moment_normalized_1/r^7": [
        4.9351568834074436e-18,
        -2.1879919818762646e-18,
        1.1899965875975665e-17
    ],
    "normalized_quadrupole_anisotropy_matrix_1/r^7": [
        [
            0.0,
            0.03721265568149885,
            1.3877787807814457e-17
        ],
        [
            0.03721265568149885,
            0.0,
            0.03721265568149886
        ],
        [
            1.3877787807814457e-17,
            0.03721265568149886,
            0.0
        ]
    ],
    "normalized_dipole_anisotropy_matrix_sum_1/r^7": 2.817591571570386e-17,
    "average_electronegativity": 2.439916897506925,
    "avg_spectra_anisotropy_matrix": [
        [
            0.0,
            0.04122693829446594,
            9.314340059007302e-08
        ],
        [
            0.04122693829446594,
            0.0,
            0.0412269532614701
        ],
        [
            9.314340059007302e-08,
            0.0412269532614701,
            0.0
        ]
    ]
}