{
    "mp-id": "mp-1032686",
    "central_atom": "Cr",
    "band_gap": 2.1558,
    "density": 3.880123408183984,
    "formula": "Mg6MnCrO8",
    "space_group_number": 123,
    "space_group_symbol": "P4/mmm",
    "steinhart_parameter_sum 1/r^7": 1.569706927092117e-05,
    "electronegativity_std": 1.0350412716271502,
    "quadrupole_moment_normalized_1/r^7": [
        [
            -0.056978422241067965,
            9.108992314772746e-18,
            -7.622873008815076e-18
        ],
        [
            9.108992314772746e-18,
            -0.056978422241067965,
            -5.634251406898792e-18
        ],
        [
            -7.622873008815076e-18,
            -5.634251406898792e-18,
            -0.06935892673761493
        ]
    ],
    "normalized_dipole_anisotropy_matrix_1/r^7": [
        [
            0.0,
            5.152924934621536e-18,
            3.413582482104233e-17
        ],
        [
            5.152924934621536e-18,
            0.0,
            2.898289988642079e-17
        ],
        [
            3.413582482104233e-17,
            2.898289988642079e-17,
            0.0
        ]
    ],
    "normalized_quadrupole_anisotropy_matrix_sum_1/r^7": 0.024761008993093928,
    "dipole_moment_normalized_1/r^7": [
        5.557277287817058e-18,
        4.0435235319552162e-19,
        -2.857854753322527e-17
    ],
    "normalized_quadrupole_anisotropy_matrix_1/r^7": [
        [
            0.0,
            6.938893903907228e-18,
            0.012380504496546964
        ],
        [
            6.938893903907228e-18,
            0.0,
            0.012380504496546957
        ],
        [
            0.012380504496546964,
            0.012380504496546957,
            0.0
        ]
    ],
    "normalized_dipole_anisotropy_matrix_sum_1/r^7": 6.827164964208466e-17,
    "average_electronegativity": 2.4115176151761517,
    "avg_spectra_anisotropy_matrix": [
        [
            0.0,
            1.6498357299155937e-07,
            0.033782891742928645
        ],
        [
            1.6498357299155937e-07,
            0.0,
            0.0337828965901202
        ],
        [
            0.033782891742928645,
            0.0337828965901202,
            0.0
        ]
    ]
}