{
    "mp-id": "mp-1522443",
    "central_atom": "Cr",
    "band_gap": 2.0575,
    "density": 6.358886060004088,
    "formula": "SrPrCrSnO6",
    "space_group_number": 216,
    "space_group_symbol": "F-43m",
    "steinhart_parameter_sum 1/r^7": 3.684046177299383e-05,
    "electronegativity_std": 1.0608863474673051,
    "quadrupole_moment_normalized_1/r^7": [
        [
            -0.11874963465637772,
            6.406152531731636e-17,
            6.4624378710766844e-18
        ],
        [
            6.406152531731636e-17,
            -0.11874963465637749,
            8.383773293245455e-18
        ],
        [
            6.4624378710766844e-18,
            8.383773293245455e-18,
            -0.11874963465637792
        ]
    ],
    "normalized_dipole_anisotropy_matrix_1/r^7": [
        [
            0.0,
            4.902384500224535e-17,
            5.94993529238455e-17
        ],
        [
            4.902384500224535e-17,
            0.0,
            1.0852319792609085e-16
        ],
        [
            5.94993529238455e-17,
            1.0852319792609085e-16,
            0.0
        ]
    ],
    "normalized_quadrupole_anisotropy_matrix_sum_1/r^7": 1.0269562977782698e-15,
    "dipole_moment_normalized_1/r^7": [
        4.484065367822178e-17,
        -4.18319132402357e-18,
        1.0434000660206728e-16
    ],
    "normalized_quadrupole_anisotropy_matrix_1/r^7": [
        [
            0.0,
            3.608224830031759e-16,
            1.5265566588595902e-16
        ],
        [
            3.608224830031759e-16,
            0.0,
            5.134781488891349e-16
        ],
        [
            1.5265566588595902e-16,
            5.134781488891349e-16,
            0.0
        ]
    ],
    "normalized_dipole_anisotropy_matrix_sum_1/r^7": 2.170463958521817e-16,
    "average_electronegativity": 2.5820071684587815,
    "avg_spectra_anisotropy_matrix": [
        [
            0.0,
            2.618675043179139e-07,
            3.5536649961617245e-06
        ],
        [
            2.618675043179139e-07,
            0.0,
            3.516264390591838e-06
        ],
        [
            3.5536649961617245e-06,
            3.516264390591838e-06,
            0.0
        ]
    ]
}