{
    "mp-id": "mp-1275173",
    "central_atom": "Cr",
    "band_gap": 1.046199999999999,
    "density": 4.217683413716388,
    "formula": "LiV2CrO6",
    "space_group_number": 1,
    "space_group_symbol": "P1",
    "steinhart_parameter_sum 1/r^7": 3.446079700541363e-05,
    "electronegativity_std": 0.9809541339283263,
    "quadrupole_moment_normalized_1/r^7": [
        [
            -0.1003012723862974,
            0.0009928254898154613,
            0.0023144567254239404
        ],
        [
            0.0009928254898154613,
            -0.09877091231718142,
            0.0013440504836509009
        ],
        [
            0.0023144567254239404,
            0.0013440504836509009,
            -0.09101678575054122
        ]
    ],
    "normalized_dipole_anisotropy_matrix_1/r^7": [
        [
            0.0,
            0.00256672350788826,
            0.006405119784296543
        ],
        [
            0.00256672350788826,
            0.0,
            0.0038383962764082834
        ],
        [
            0.006405119784296543,
            0.0038383962764082834,
            0.0
        ]
    ],
    "normalized_quadrupole_anisotropy_matrix_sum_1/r^7": 0.021721840972570072,
    "dipole_moment_normalized_1/r^7": [
        0.002545778593720422,
        0.005112502101608682,
        0.008950898378016965
    ],
    "normalized_quadrupole_anisotropy_matrix_1/r^7": [
        [
            0.0,
            0.010860920486285036,
            0.008641697284080652
        ],
        [
            0.010860920486285036,
            0.0,
            0.0022192232022043845
        ],
        [
            0.008641697284080652,
            0.0022192232022043845,
            0.0
        ]
    ],
    "normalized_dipole_anisotropy_matrix_sum_1/r^7": 0.012810239568593087,
    "average_electronegativity": 2.6487055476529164,
    "avg_spectra_anisotropy_matrix": [
        [
            0.0,
            0.013208718295157566,
            0.011817860999890116
        ],
        [
            0.013208718295157566,
            0.0,
            0.005443733292887805
        ],
        [
            0.011817860999890116,
            0.005443733292887805,
            0.0
        ]
    ]
}