{
    "mp-id": "mp-1521852",
    "central_atom": "Cr",
    "band_gap": 0.0,
    "density": 5.947675994419158,
    "formula": "BaSrSmCrO6",
    "space_group_number": 216,
    "space_group_symbol": "F-43m",
    "steinhart_parameter_sum 1/r^7": 5.284389476311558e-05,
    "electronegativity_std": 1.089670740967952,
    "quadrupole_moment_normalized_1/r^7": [
        [
            -0.15209277243319833,
            -9.376400616220928e-17,
            -3.508410467527312e-17
        ],
        [
            -9.376400616220928e-17,
            -0.1520927724331999,
            -3.6282656295637955e-18
        ],
        [
            -3.508410467527312e-17,
            -3.6282656295637955e-18,
            -0.15209277243319905
        ]
    ],
    "normalized_dipole_anisotropy_matrix_1/r^7": [
        [
            0.0,
            4.221363393187177e-17,
            2.607548047079409e-16
        ],
        [
            4.221363393187177e-17,
            0.0,
            2.1854117077606912e-16
        ],
        [
            2.607548047079409e-16,
            2.1854117077606912e-16,
            0.0
        ]
    ],
    "normalized_quadrupole_anisotropy_matrix_sum_1/r^7": 3.1086244689504383e-15,
    "dipole_moment_normalized_1/r^7": [
        -1.5932800910927717e-16,
        -1.171143751774054e-16,
        1.0142679559866372e-16
    ],
    "normalized_quadrupole_anisotropy_matrix_1/r^7": [
        [
            0.0,
            1.5543122344752192e-15,
            6.938893903907228e-16
        ],
        [
            1.5543122344752192e-15,
            0.0,
            8.604228440844963e-16
        ],
        [
            6.938893903907228e-16,
            8.604228440844963e-16,
            0.0
        ]
    ],
    "normalized_dipole_anisotropy_matrix_sum_1/r^7": 5.215096094158818e-16,
    "average_electronegativity": 2.6475686274509806,
    "avg_spectra_anisotropy_matrix": [
        [
            0.0,
            1.206567459098852e-06,
            4.5895144689577225e-07
        ],
        [
            1.206567459098852e-06,
            0.0,
            9.6500512505943e-07
        ],
        [
            4.5895144689577225e-07,
            9.6500512505943e-07,
            0.0
        ]
    ]
}