{
    "mp-id": "mp-1518457",
    "central_atom": "Cr",
    "band_gap": 0.0,
    "density": 7.271962917365832,
    "formula": "SrEuHfCrO6",
    "space_group_number": 216,
    "space_group_symbol": "F-43m",
    "steinhart_parameter_sum 1/r^7": 3.871208506747957e-05,
    "electronegativity_std": 1.0888326546766316,
    "quadrupole_moment_normalized_1/r^7": [
        [
            -0.12348412018864456,
            -6.009942416583887e-17,
            -7.923424174094297e-19
        ],
        [
            -6.009942416583887e-17,
            -0.12348412018864482,
            -1.630284313580352e-17
        ],
        [
            -7.923424174094297e-19,
            -1.630284313580352e-17,
            -0.12348412018864459
        ]
    ],
    "normalized_dipole_anisotropy_matrix_1/r^7": [
        [
            0.0,
            1.0328358767152871e-16,
            4.239864766465279e-17
        ],
        [
            1.0328358767152871e-16,
            0.0,
            6.088494000687592e-17
        ],
        [
            4.239864766465279e-17,
            6.088494000687592e-17,
            0.0
        ]
    ],
    "normalized_quadrupole_anisotropy_matrix_sum_1/r^7": 5.551115123125783e-16,
    "dipole_moment_normalized_1/r^7": [
        4.202258508934156e-17,
        1.4530617276087027e-16,
        8.442123275399435e-17
    ],
    "normalized_quadrupole_anisotropy_matrix_1/r^7": [
        [
            0.0,
            2.7755575615628914e-16,
            4.163336342344337e-17
        ],
        [
            2.7755575615628914e-16,
            0.0,
            2.3592239273284576e-16
        ],
        [
            4.163336342344337e-17,
            2.3592239273284576e-16,
            0.0
        ]
    ],
    "normalized_dipole_anisotropy_matrix_sum_1/r^7": 2.0656717534305743e-16,
    "average_electronegativity": 2.5455913978494626,
    "avg_spectra_anisotropy_matrix": [
        [
            0.0,
            7.244391400309761e-07,
            6.287127958575259e-07
        ],
        [
            7.244391400309761e-07,
            0.0,
            4.796443981235971e-07
        ],
        [
            6.287127958575259e-07,
            4.796443981235971e-07,
            0.0
        ]
    ]
}