{
    "mp-id": "mp-1035434",
    "central_atom": "Cr",
    "band_gap": 2.9951,
    "density": 3.542109401969841,
    "formula": "LiMg14CrO16",
    "space_group_number": 123,
    "space_group_symbol": "P4/mmm",
    "steinhart_parameter_sum 1/r^7": 2.2061411686996326e-05,
    "electronegativity_std": 1.0689788961738382,
    "quadrupole_moment_normalized_1/r^7": [
        [
            -0.09157442713958217,
            1.6822074332470405e-18,
            2.3589867581032264e-19
        ],
        [
            1.6822074332470405e-18,
            -0.09157442713958222,
            7.511064659777508e-19
        ],
        [
            2.3589867581032264e-19,
            7.511064659777508e-19,
            -0.071170302711103
        ]
    ],
    "normalized_dipole_anisotropy_matrix_1/r^7": [
        [
            0.0,
            3.642125206163244e-17,
            9.822776391512104e-17
        ],
        [
            3.642125206163244e-17,
            0.0,
            6.18065118534886e-17
        ],
        [
            9.822776391512104e-17,
            6.18065118534886e-17,
            0.0
        ]
    ],
    "normalized_quadrupole_anisotropy_matrix_sum_1/r^7": 0.04080824885695847,
    "dipole_moment_normalized_1/r^7": [
        -6.433734042076604e-17,
        -2.7916088359133603e-17,
        3.3890423494355e-17
    ],
    "normalized_quadrupole_anisotropy_matrix_1/r^7": [
        [
            0.0,
            8.326672684688674e-17,
            0.02040412442847915
        ],
        [
            8.326672684688674e-17,
            0.0,
            0.020404124428479234
        ],
        [
            0.02040412442847915,
            0.020404124428479234,
            0.0
        ]
    ],
    "normalized_dipole_anisotropy_matrix_sum_1/r^7": 1.9645552783024208e-16,
    "average_electronegativity": 2.3765311653116528,
    "avg_spectra_anisotropy_matrix": [
        [
            0.0,
            1.485488056882738e-07,
            0.018392222176329725
        ],
        [
            1.485488056882738e-07,
            0.0,
            0.018392237432776386
        ],
        [
            0.018392222176329725,
            0.018392237432776386,
            0.0
        ]
    ]
}