{
    "mp-id": "mp-1227067",
    "central_atom": "Cr",
    "band_gap": 2.1446,
    "density": 5.515098082190865,
    "formula": "CaNdCrO4",
    "space_group_number": 107,
    "space_group_symbol": "I4mm",
    "steinhart_parameter_sum 1/r^7": 4.39740444757961e-05,
    "electronegativity_std": 1.0979849998940259,
    "quadrupole_moment_normalized_1/r^7": [
        [
            -0.1242309015605193,
            0.002615142523122964,
            -0.007785593990975044
        ],
        [
            0.002615142523122964,
            -0.1237395793263433,
            -0.008551232604595761
        ],
        [
            -0.007785593990975044,
            -0.008551232604595761,
            -0.10115384754750276
        ]
    ],
    "normalized_dipole_anisotropy_matrix_1/r^7": [
        [
            0.0,
            1.3987506691640956e-05,
            0.0006073304874889303
        ],
        [
            1.3987506691640956e-05,
            0.0,
            0.0006213179941805712
        ],
        [
            0.0006073304874889303,
            0.0006213179941805712,
            0.0
        ]
    ],
    "normalized_quadrupole_anisotropy_matrix_sum_1/r^7": 0.06142271956440645,
    "dipole_moment_normalized_1/r^7": [
        -0.00014223557447316882,
        -0.00015622308116480978,
        0.00046509491301576145
    ],
    "normalized_quadrupole_anisotropy_matrix_1/r^7": [
        [
            0.0,
            0.030711359782203226,
            0.030711359777287686
        ],
        [
            0.030711359782203226,
            0.0,
            4.915540197103496e-12
        ],
        [
            0.030711359777287686,
            4.915540197103496e-12,
            0.0
        ]
    ],
    "normalized_dipole_anisotropy_matrix_sum_1/r^7": 0.0012426359883611425,
    "average_electronegativity": 2.4984027777777778,
    "avg_spectra_anisotropy_matrix": [
        [
            0.0,
            0.057500983044166884,
            0.057500827835359425
        ],
        [
            0.057500983044166884,
            0.0,
            5.115778972087e-07
        ],
        [
            0.057500827835359425,
            5.115778972087e-07,
            0.0
        ]
    ]
}