{
    "mp-id": "mp-1037287",
    "central_atom": "Cr",
    "band_gap": 1.0408,
    "density": 3.635777070765176,
    "formula": "Mg30CrCuO32",
    "space_group_number": 123,
    "space_group_symbol": "P4/mmm",
    "steinhart_parameter_sum 1/r^7": 2.2829914899714224e-05,
    "electronegativity_std": 1.0567212949832323,
    "quadrupole_moment_normalized_1/r^7": [
        [
            -0.07936185481775197,
            4.618341265785666e-18,
            -5.412964049428606e-18
        ],
        [
            4.618341265785666e-18,
            -0.07936185481775197,
            -5.5827941553530935e-18
        ],
        [
            -5.412964049428606e-18,
            -5.5827941553530935e-18,
            -0.1000520114532228
        ]
    ],
    "normalized_dipole_anisotropy_matrix_1/r^7": [
        [
            0.0,
            3.290193604490923e-20,
            1.0089755882530739e-16
        ],
        [
            3.290193604490923e-20,
            0.0,
            1.009304607613523e-16
        ],
        [
            1.0089755882530739e-16,
            1.009304607613523e-16,
            0.0
        ]
    ],
    "normalized_quadrupole_anisotropy_matrix_sum_1/r^7": 0.04138031327094163,
    "dipole_moment_normalized_1/r^7": [
        2.7450484935939755e-17,
        2.7483386871984664e-17,
        -7.344707388936764e-17
    ],
    "normalized_quadrupole_anisotropy_matrix_1/r^7": [
        [
            0.0,
            0.020690156635470816,
            1.3877787807814457e-17
        ],
        [
            0.020690156635470816,
            0.0,
            0.020690156635470802
        ],
        [
            1.3877787807814457e-17,
            0.020690156635470802,
            0.0
        ]
    ],
    "normalized_dipole_anisotropy_matrix_sum_1/r^7": 2.018609215227046e-16,
    "average_electronegativity": 2.3887262872628723,
    "avg_spectra_anisotropy_matrix": [
        [
            0.0,
            0.024594708073298863,
            1.682379803647851e-07
        ],
        [
            0.024594708073298863,
            0.0,
            0.02459471429121964
        ],
        [
            1.682379803647851e-07,
            0.02459471429121964,
            0.0
        ]
    ]
}