{
    "mp-id": "mp-1522588",
    "central_atom": "Cr",
    "band_gap": 0.0,
    "density": 7.496689755395469,
    "formula": "BaEuCrBiO6",
    "space_group_number": 216,
    "space_group_symbol": "F-43m",
    "steinhart_parameter_sum 1/r^7": 3.4487698958823054e-05,
    "electronegativity_std": 0.989450517997904,
    "quadrupole_moment_normalized_1/r^7": [
        [
            -0.10823328812095151,
            -5.659739157677266e-17,
            -3.1324337180648094e-17
        ],
        [
            -5.659739157677266e-17,
            -0.10823328812095175,
            -2.2507465353559675e-17
        ],
        [
            -3.1324337180648094e-17,
            -2.2507465353559675e-17,
            -0.10823328812095168
        ]
    ],
    "normalized_dipole_anisotropy_matrix_1/r^7": [
        [
            0.0,
            2.523409088055087e-17,
            6.04759289724705e-17
        ],
        [
            2.523409088055087e-17,
            0.0,
            8.571001985302137e-17
        ],
        [
            6.04759289724705e-17,
            8.571001985302137e-17,
            0.0
        ]
    ],
    "normalized_quadrupole_anisotropy_matrix_sum_1/r^7": 4.996003610813204e-16,
    "dipole_moment_normalized_1/r^7": [
        1.1497307588674652e-17,
        -1.3736783291876217e-17,
        7.197323656114515e-17
    ],
    "normalized_quadrupole_anisotropy_matrix_1/r^7": [
        [
            0.0,
            2.498001805406602e-16,
            1.6653345369377348e-16
        ],
        [
            2.498001805406602e-16,
            0.0,
            8.326672684688674e-17
        ],
        [
            1.6653345369377348e-16,
            8.326672684688674e-17,
            0.0
        ]
    ],
    "normalized_dipole_anisotropy_matrix_sum_1/r^7": 1.7142003970604274e-16,
    "average_electronegativity": 2.732470588235295,
    "avg_spectra_anisotropy_matrix": [
        [
            0.0,
            8.951222527747204e-07,
            6.563386259050384e-07
        ],
        [
            8.951222527747204e-07,
            0.0,
            6.802805480613385e-07
        ],
        [
            6.563386259050384e-07,
            6.802805480613385e-07,
            0.0
        ]
    ]
}