{
    "mp-id": "mp-1383064",
    "central_atom": "Cr",
    "band_gap": 0.0,
    "density": 3.863934818304003,
    "formula": "AlCrO3",
    "space_group_number": 123,
    "space_group_symbol": "P4/mmm",
    "steinhart_parameter_sum 1/r^7": 4.499203191628969e-05,
    "electronegativity_std": 0.8907768889255684,
    "quadrupole_moment_normalized_1/r^7": [
        [
            -0.13766393754557288,
            9.907532625796737e-18,
            -9.235623740387264e-18
        ],
        [
            9.907532625796737e-18,
            -0.137663937545573,
            -8.571549909739892e-18
        ],
        [
            -9.235623740387264e-18,
            -8.571549909739892e-18,
            -0.16037158116059474
        ]
    ],
    "normalized_dipole_anisotropy_matrix_1/r^7": [
        [
            0.0,
            1.6245046372043213e-17,
            1.0179537404472755e-16
        ],
        [
            1.6245046372043213e-17,
            0.0,
            8.555032767268433e-17
        ],
        [
            1.0179537404472755e-16,
            8.555032767268433e-17,
            0.0
        ]
    ],
    "normalized_quadrupole_anisotropy_matrix_sum_1/r^7": 0.04541528723004368,
    "dipole_moment_normalized_1/r^7": [
        1.4715728385775574e-17,
        -1.5293179862676393e-18,
        -8.707964565895197e-17
    ],
    "normalized_quadrupole_anisotropy_matrix_1/r^7": [
        [
            0.0,
            1.1102230246251565e-16,
            0.02270764361502184
        ],
        [
            1.1102230246251565e-16,
            0.0,
            0.022707643615021728
        ],
        [
            0.02270764361502184,
            0.022707643615021728,
            0.0
        ]
    ],
    "normalized_dipole_anisotropy_matrix_sum_1/r^7": 2.035907480894551e-16,
    "average_electronegativity": 2.6848427672955975,
    "avg_spectra_anisotropy_matrix": [
        [
            0.0,
            2.1771030218155372e-07,
            0.024656475289553375
        ],
        [
            2.1771030218155372e-07,
            0.0,
            0.024656465363492506
        ],
        [
            0.024656475289553375,
            0.024656465363492506,
            0.0
        ]
    ]
}