{
    "mp-id": "mp-1084823",
    "central_atom": "Cr",
    "band_gap": 1.6894,
    "density": 5.782504039660558,
    "formula": "Sr2CrSbO6",
    "space_group_number": 12,
    "space_group_symbol": "C2/m",
    "steinhart_parameter_sum 1/r^7": 2.9631383959916448e-05,
    "electronegativity_std": 1.0760067740880965,
    "quadrupole_moment_normalized_1/r^7": [
        [
            -0.10270036748353593,
            0.002196486374232841,
            -0.0009041467992143431
        ],
        [
            0.002196486374232841,
            -0.10116018634639033,
            0.0006411111660338686
        ],
        [
            -0.0009041467992143431,
            0.0006411111660338686,
            -0.10556219417797717
        ]
    ],
    "normalized_dipole_anisotropy_matrix_1/r^7": [
        [
            0.0,
            5.086326969143667e-17,
            8.891717491546842e-17
        ],
        [
            5.086326969143667e-17,
            0.0,
            3.805390522403175e-17
        ],
        [
            8.891717491546842e-17,
            3.805390522403175e-17,
            0.0
        ]
    ],
    "normalized_quadrupole_anisotropy_matrix_sum_1/r^7": 0.013186663138717442,
    "dipole_moment_normalized_1/r^7": [
        8.00869651628941e-19,
        -5.0062400039807727e-17,
        -8.811630526383947e-17
    ],
    "normalized_quadrupole_anisotropy_matrix_1/r^7": [
        [
            0.0,
            0.004021301990624324,
            0.006593331569358721
        ],
        [
            0.004021301990624324,
            0.0,
            0.002572029578734397
        ],
        [
            0.006593331569358721,
            0.002572029578734397,
            0.0
        ]
    ],
    "normalized_dipole_anisotropy_matrix_sum_1/r^7": 1.7783434983093683e-16,
    "average_electronegativity": 2.565793103448276,
    "avg_spectra_anisotropy_matrix": [
        [
            0.0,
            0.030446825224561398,
            0.007076662665093772
        ],
        [
            0.030446825224561398,
            0.0,
            0.026501229210882053
        ],
        [
            0.007076662665093772,
            0.026501229210882053,
            0.0
        ]
    ]
}