{
    "mp-id": "mp-1183696",
    "central_atom": "Cr",
    "band_gap": 0.0,
    "density": 5.366602669462742,
    "formula": "CrCuO3",
    "space_group_number": 221,
    "space_group_symbol": "Pm-3m",
    "steinhart_parameter_sum 1/r^7": 4.529046771529546e-05,
    "electronegativity_std": 0.8133287165608243,
    "quadrupole_moment_normalized_1/r^7": [
        [
            -0.1736366372157034,
            1.126175575440302e-17,
            -1.1050468504814539e-17
        ],
        [
            1.126175575440302e-17,
            -0.17363663721570347,
            -1.121132808985792e-17
        ],
        [
            -1.1050468504814539e-17,
            -1.121132808985792e-17,
            -0.1736366372157034
        ]
    ],
    "normalized_dipole_anisotropy_matrix_1/r^7": [
        [
            0.0,
            2.918550103877371e-17,
            7.525650967619575e-18
        ],
        [
            2.918550103877371e-17,
            0.0,
            2.1659850071154138e-17
        ],
        [
            7.525650967619575e-18,
            2.1659850071154138e-17,
            0.0
        ]
    ],
    "normalized_quadrupole_anisotropy_matrix_sum_1/r^7": 1.6653345369377348e-16,
    "dipole_moment_normalized_1/r^7": [
        2.814719746411755e-17,
        -1.038303574656162e-18,
        2.0621546496497976e-17
    ],
    "normalized_quadrupole_anisotropy_matrix_1/r^7": [
        [
            0.0,
            2.7755575615628914e-17,
            5.551115123125783e-17
        ],
        [
            2.7755575615628914e-17,
            0.0,
            8.326672684688674e-17
        ],
        [
            5.551115123125783e-17,
            8.326672684688674e-17,
            0.0
        ]
    ],
    "normalized_dipole_anisotropy_matrix_sum_1/r^7": 5.837100207754743e-17,
    "average_electronegativity": 2.798852459016394,
    "avg_spectra_anisotropy_matrix": [
        [
            0.0,
            2.128997624284929e-06,
            3.7356230725822913e-07
        ],
        [
            2.128997624284929e-06,
            0.0,
            2.155155428666007e-06
        ],
        [
            3.7356230725822913e-07,
            2.155155428666007e-06,
            0.0
        ]
    ]
}