{
    "mp-id": "mp-1033435",
    "central_atom": "Cr",
    "band_gap": 2.395799999999999,
    "density": 3.837057263665865,
    "formula": "SrMg6CrO8",
    "space_group_number": 123,
    "space_group_symbol": "P4/mmm",
    "steinhart_parameter_sum 1/r^7": 2.1355553175523388e-05,
    "electronegativity_std": 1.0746240459803535,
    "quadrupole_moment_normalized_1/r^7": [
        [
            -0.04604578875835094,
            3.3949080525952358e-18,
            -1.5064480966917732e-18
        ],
        [
            3.3949080525952358e-18,
            -0.04604578875835094,
            -1.8901540217979712e-18
        ],
        [
            -1.5064480966917732e-18,
            -1.8901540217979712e-18,
            -0.1036319309683093
        ]
    ],
    "normalized_dipole_anisotropy_matrix_1/r^7": [
        [
            0.0,
            7.619061360552432e-19,
            4.373336985792359e-19
        ],
        [
            7.619061360552432e-19,
            0.0,
            3.245724374760072e-19
        ],
        [
            4.373336985792359e-19,
            3.245724374760072e-19,
            0.0
        ]
    ],
    "normalized_quadrupole_anisotropy_matrix_sum_1/r^7": 0.11517228441991675,
    "dipole_moment_normalized_1/r^7": [
        -2.600655845866719e-18,
        -1.838749709811476e-18,
        -2.163322147287483e-18
    ],
    "normalized_quadrupole_anisotropy_matrix_1/r^7": [
        [
            0.0,
            2.0816681711721685e-17,
            0.05758614220995838
        ],
        [
            2.0816681711721685e-17,
            0.0,
            0.057586142209958356
        ],
        [
            0.05758614220995838,
            0.057586142209958356,
            0.0
        ]
    ],
    "normalized_dipole_anisotropy_matrix_sum_1/r^7": 1.5238122721104863e-18,
    "average_electronegativity": 2.3495744680851063,
    "avg_spectra_anisotropy_matrix": [
        [
            0.0,
            1.3459225325713563e-07,
            0.0693177926417833
        ],
        [
            1.3459225325713563e-07,
            0.0,
            0.06931779837702907
        ],
        [
            0.0693177926417833,
            0.06931779837702907,
            0.0
        ]
    ]
}