{
    "mp-id": "mp-1235970",
    "central_atom": "Cr",
    "band_gap": 0.5293,
    "density": 2.639185700035279,
    "formula": "LiTiV2CrO10",
    "space_group_number": 6,
    "space_group_symbol": "Pm",
    "steinhart_parameter_sum 1/r^7": 0.00014663542007480783,
    "electronegativity_std": 0.9456493111177267,
    "quadrupole_moment_normalized_1/r^7": [
        [
            -0.21983678036952198,
            -5.680414702524152e-20,
            -0.002090229569958432
        ],
        [
            -5.680414702524152e-20,
            -0.1940170773404552,
            -4.5951537388545793e-20
        ],
        [
            -0.002090229569958432,
            -4.5951537388545793e-20,
            -0.1903037205306355
        ]
    ],
    "normalized_dipole_anisotropy_matrix_1/r^7": [
        [
            0.0,
            0.013941367298400375,
            0.02307154763421975
        ],
        [
            0.013941367298400375,
            0.0,
            0.009130180335819377
        ],
        [
            0.02307154763421975,
            0.009130180335819377,
            0.0
        ]
    ],
    "normalized_quadrupole_anisotropy_matrix_sum_1/r^7": 0.059654936495407096,
    "dipole_moment_normalized_1/r^7": [
        -0.013941367298400375,
        -3.7269449679189215e-20,
        0.009130180335819377
    ],
    "normalized_quadrupole_anisotropy_matrix_1/r^7": [
        [
            0.0,
            0.029827468247703548,
            0.025966907233475306
        ],
        [
            0.029827468247703548,
            0.0,
            0.003860561014228242
        ],
        [
            0.025966907233475306,
            0.003860561014228242,
            0.0
        ]
    ],
    "normalized_dipole_anisotropy_matrix_sum_1/r^7": 0.0461430952684395,
    "average_electronegativity": 2.7571784232365144,
    "avg_spectra_anisotropy_matrix": [
        [
            0.0,
            0.039970270280570534,
            0.04026953803043273
        ],
        [
            0.039970270280570534,
            0.0,
            0.01421635636906069
        ],
        [
            0.04026953803043273,
            0.01421635636906069,
            0.0
        ]
    ]
}