{
    "mp-id": "mp-1033949",
    "central_atom": "Cr",
    "band_gap": 0.0114,
    "density": 3.97617095358349,
    "formula": "Mg14NbCrO16",
    "space_group_number": 123,
    "space_group_symbol": "P4/mmm",
    "steinhart_parameter_sum 1/r^7": 1.5510868800050747e-05,
    "electronegativity_std": 1.0516279804256314,
    "quadrupole_moment_normalized_1/r^7": [
        [
            -0.054290265592338925,
            6.51104697433724e-17,
            -5.516725585467258e-18
        ],
        [
            6.51104697433724e-17,
            -0.05429026559233898,
            -3.482152446162429e-18
        ],
        [
            -5.516725585467258e-18,
            -3.482152446162429e-18,
            -0.06516978124117413
        ]
    ],
    "normalized_dipole_anisotropy_matrix_1/r^7": [
        [
            0.0,
            2.5565810158519335e-17,
            4.1794198687802917e-10
        ],
        [
            2.5565810158519335e-17,
            0.0,
            4.17941961312219e-10
        ],
        [
            4.1794198687802917e-10,
            4.17941961312219e-10,
            0.0
        ]
    ],
    "normalized_quadrupole_anisotropy_matrix_sum_1/r^7": 0.02175903129767054,
    "dipole_moment_normalized_1/r^7": [
        -4.1794196548780027e-10,
        -4.179419399219901e-10,
        2.1390228896131253e-17
    ],
    "normalized_quadrupole_anisotropy_matrix_1/r^7": [
        [
            0.0,
            1.3877787807814457e-16,
            0.01087951564883513
        ],
        [
            1.3877787807814457e-16,
            0.0,
            0.01087951564883527
        ],
        [
            0.01087951564883513,
            0.01087951564883527,
            0.0
        ]
    ],
    "normalized_dipole_anisotropy_matrix_sum_1/r^7": 8.358839737560583e-10,
    "average_electronegativity": 2.393333333333333,
    "avg_spectra_anisotropy_matrix": [
        [
            0.0,
            1.7043398942977154e-07,
            0.011704624435244244
        ],
        [
            1.7043398942977154e-07,
            0.0,
            0.011704626703343251
        ],
        [
            0.011704624435244244,
            0.011704626703343251,
            0.0
        ]
    ]
}