{
    "mp-id": "mp-1229299",
    "central_atom": "Cr",
    "band_gap": 0.0,
    "density": 6.507941798561474,
    "formula": "BaLaCrMoO6",
    "space_group_number": 216,
    "space_group_symbol": "F-43m",
    "steinhart_parameter_sum 1/r^7": 3.477971313662885e-05,
    "electronegativity_std": 1.0706467121634544,
    "quadrupole_moment_normalized_1/r^7": [
        [
            -0.11403576693547245,
            7.421330707390732e-19,
            5.4167828942346503e-17
        ],
        [
            7.421330707390732e-19,
            -0.1140357669354727,
            -6.088388121569185e-17
        ],
        [
            5.4167828942346503e-17,
            -6.088388121569185e-17,
            -0.11403576693547256
        ]
    ],
    "normalized_dipole_anisotropy_matrix_1/r^7": [
        [
            0.0,
            2.252187748274145e-17,
            4.4474483316290356e-17
        ],
        [
            2.252187748274145e-17,
            0.0,
            2.1952605833548905e-17
        ],
        [
            4.4474483316290356e-17,
            2.1952605833548905e-17,
            0.0
        ]
    ],
    "normalized_quadrupole_anisotropy_matrix_sum_1/r^7": 7.771561172376096e-16,
    "dipole_moment_normalized_1/r^7": [
        9.491831288015853e-17,
        7.239643539741708e-17,
        5.044382956386818e-17
    ],
    "normalized_quadrupole_anisotropy_matrix_1/r^7": [
        [
            0.0,
            2.0816681711721685e-16,
            3.885780586188048e-16
        ],
        [
            2.0816681711721685e-16,
            0.0,
            1.8041124150158794e-16
        ],
        [
            3.885780586188048e-16,
            1.8041124150158794e-16,
            0.0
        ]
    ],
    "normalized_dipole_anisotropy_matrix_sum_1/r^7": 8.894896663258071e-17,
    "average_electronegativity": 2.5846594982078854,
    "avg_spectra_anisotropy_matrix": [
        [
            0.0,
            3.8687008375957465e-06,
            3.768745221296859e-07
        ],
        [
            3.8687008375957465e-06,
            0.0,
            3.9007969546892304e-06
        ],
        [
            3.768745221296859e-07,
            3.9007969546892304e-06,
            0.0
        ]
    ]
}