{
    "mp-id": "mp-1521686",
    "central_atom": "Cr",
    "band_gap": 0.0,
    "density": 7.351088583623337,
    "formula": "SmEuCrSnO6",
    "space_group_number": 216,
    "space_group_symbol": "F-43m",
    "steinhart_parameter_sum 1/r^7": 3.739289259067776e-05,
    "electronegativity_std": 1.0091805065973114,
    "quadrupole_moment_normalized_1/r^7": [
        [
            -0.12010011159765312,
            -9.599191457172491e-17,
            1.0368742065576704e-16
        ],
        [
            -9.599191457172491e-17,
            -0.12010011159765341,
            -1.376771587631876e-16
        ],
        [
            1.0368742065576704e-16,
            -1.376771587631876e-16,
            -0.12010011159765298
        ]
    ],
    "normalized_dipole_anisotropy_matrix_1/r^7": [
        [
            0.0,
            4.4690530323210755e-17,
            3.059472946966284e-16
        ],
        [
            4.4690530323210755e-17,
            0.0,
            2.6125676437341766e-16
        ],
        [
            3.059472946966284e-16,
            2.6125676437341766e-16,
            0.0
        ]
    ],
    "normalized_quadrupole_anisotropy_matrix_sum_1/r^7": 1.27675647831893e-15,
    "dipole_moment_normalized_1/r^7": [
        8.42488615492281e-17,
        3.955833122601735e-17,
        -2.2169843314740032e-16
    ],
    "normalized_quadrupole_anisotropy_matrix_1/r^7": [
        [
            0.0,
            2.220446049250313e-16,
            6.38378239159465e-16
        ],
        [
            2.220446049250313e-16,
            0.0,
            4.163336342344337e-16
        ],
        [
            6.38378239159465e-16,
            4.163336342344337e-16,
            0.0
        ]
    ],
    "normalized_dipole_anisotropy_matrix_sum_1/r^7": 6.118945893932568e-16,
    "average_electronegativity": 2.617347670250896,
    "avg_spectra_anisotropy_matrix": [
        [
            0.0,
            4.398902156569493e-06,
            4.406338375448735e-06
        ],
        [
            4.398902156569493e-06,
            0.0,
            2.668948626366169e-07
        ],
        [
            4.406338375448735e-06,
            2.668948626366169e-07,
            0.0
        ]
    ]
}