{
    "mp-id": "mp-1246656",
    "central_atom": "Cr",
    "band_gap": 0.9460000000000001,
    "density": 3.74555662392007,
    "formula": "V3CrO8",
    "space_group_number": 12,
    "space_group_symbol": "C2/m",
    "steinhart_parameter_sum 1/r^7": 3.290416460631162e-05,
    "electronegativity_std": 0.846773382998579,
    "quadrupole_moment_normalized_1/r^7": [
        [
            -0.08909805107564663,
            -0.00450059329327869,
            0.005793888440209814
        ],
        [
            -0.00450059329327869,
            -0.08579766295062527,
            0.005486241290664498
        ],
        [
            0.005793888440209814,
            0.005486241290664498,
            -0.0968583233995853
        ]
    ],
    "normalized_dipole_anisotropy_matrix_1/r^7": [
        [
            0.0,
            6.270163409254298e-05,
            0.00014931766418938513
        ],
        [
            6.270163409254298e-05,
            0.0,
            0.0002120192982819281
        ],
        [
            0.00014931766418938513,
            0.0002120192982819281,
            0.0
        ]
    ],
    "normalized_quadrupole_anisotropy_matrix_sum_1/r^7": 0.04067245894188423,
    "dipole_moment_normalized_1/r^7": [
        -1.6851522829871978e-05,
        -7.955315692241495e-05,
        0.00013246614135951315
    ],
    "normalized_quadrupole_anisotropy_matrix_1/r^7": [
        [
            0.0,
            0.016358801883655974,
            0.020336229470942116
        ],
        [
            0.016358801883655974,
            0.0,
            0.003977427587286142
        ],
        [
            0.020336229470942116,
            0.003977427587286142,
            0.0
        ]
    ],
    "normalized_dipole_anisotropy_matrix_sum_1/r^7": 0.0004240385965638562,
    "average_electronegativity": 2.847281879194631,
    "avg_spectra_anisotropy_matrix": [
        [
            0.0,
            0.04186976135125999,
            0.04473248277692098
        ],
        [
            0.04186976135125999,
            0.0,
            0.004648805301680151
        ],
        [
            0.04473248277692098,
            0.004648805301680151,
            0.0
        ]
    ]
}