{
    "mp-id": "mp-1036428",
    "central_atom": "Cr",
    "band_gap": 0.43050000000000005,
    "density": 3.5486888983084173,
    "formula": "CaMg14CrO16",
    "space_group_number": 123,
    "space_group_symbol": "P4/mmm",
    "steinhart_parameter_sum 1/r^7": 1.447238340656829e-05,
    "electronegativity_std": 1.0682755130966057,
    "quadrupole_moment_normalized_1/r^7": [
        [
            -0.050799210950784414,
            4.881027358552906e-19,
            -4.761383954753236e-18
        ],
        [
            4.881027358552906e-19,
            -0.050799210950784456,
            -6.0761908471287235e-18
        ],
        [
            -4.761383954753236e-18,
            -6.0761908471287235e-18,
            -0.06557559534141472
        ]
    ],
    "normalized_dipole_anisotropy_matrix_1/r^7": [
        [
            0.0,
            1.5150613629741653e-17,
            4.966312988429573e-18
        ],
        [
            1.5150613629741653e-17,
            0.0,
            1.018430064131208e-17
        ],
        [
            4.966312988429573e-18,
            1.018430064131208e-17,
            0.0
        ]
    ],
    "normalized_quadrupole_anisotropy_matrix_sum_1/r^7": 0.029552768781260605,
    "dipole_moment_normalized_1/r^7": [
        1.9584195833907475e-17,
        3.473480946364913e-17,
        2.4550508822337048e-17
    ],
    "normalized_quadrupole_anisotropy_matrix_1/r^7": [
        [
            0.0,
            0.014776384390630302,
            4.163336342344337e-17
        ],
        [
            0.014776384390630302,
            0.0,
            0.01477638439063026
        ],
        [
            4.163336342344337e-17,
            0.01477638439063026,
            0.0
        ]
    ],
    "normalized_dipole_anisotropy_matrix_sum_1/r^7": 3.0301227259483306e-17,
    "average_electronegativity": 2.3770731707317068,
    "avg_spectra_anisotropy_matrix": [
        [
            0.0,
            0.018322842650038064,
            1.732792570901758e-07
        ],
        [
            0.018322842650038064,
            0.0,
            0.018322823263428073
        ],
        [
            1.732792570901758e-07,
            0.018322823263428073,
            0.0
        ]
    ]
}