{
    "mp-id": "mp-1040880",
    "central_atom": "Cr",
    "band_gap": 0.607,
    "density": 4.27525759127092,
    "formula": "LaCrCuO6",
    "space_group_number": 1,
    "space_group_symbol": "P1",
    "steinhart_parameter_sum 1/r^7": 0.0001523479862917778,
    "electronegativity_std": 0.9179848650769792,
    "quadrupole_moment_normalized_1/r^7": [
        [
            -0.20375768656602253,
            -0.010339511069221714,
            0.010815674381558366
        ],
        [
            -0.010339511069221714,
            -0.20085281735158275,
            0.009098024331104217
        ],
        [
            0.010815674381558366,
            0.009098024331104217,
            -0.21128412993219428
        ]
    ],
    "normalized_dipole_anisotropy_matrix_1/r^7": [
        [
            0.0,
            0.00816825537333134,
            0.016728776463806792
        ],
        [
            0.00816825537333134,
            0.0,
            0.00856052109047545
        ],
        [
            0.016728776463806792,
            0.00856052109047545,
            0.0
        ]
    ],
    "normalized_quadrupole_anisotropy_matrix_sum_1/r^7": 0.06861497796696414,
    "dipole_moment_normalized_1/r^7": [
        0.0015609585875265633,
        -0.0066072967858047775,
        -0.015167817876280227
    ],
    "normalized_quadrupole_anisotropy_matrix_1/r^7": [
        [
            0.0,
            0.03430748898348207,
            0.02829695511011543
        ],
        [
            0.03430748898348207,
            0.0,
            0.006010533873366641
        ],
        [
            0.02829695511011543,
            0.006010533873366641,
            0.0
        ]
    ],
    "normalized_dipole_anisotropy_matrix_sum_1/r^7": 0.033457552927613585,
    "average_electronegativity": 2.800767590618337,
    "avg_spectra_anisotropy_matrix": [
        [
            0.0,
            0.03067822048368218,
            0.03608184158290195
        ],
        [
            0.03067822048368218,
            0.0,
            0.024047910941233597
        ],
        [
            0.03608184158290195,
            0.024047910941233597,
            0.0
        ]
    ]
}