{
    "mp-id": "mp-1517386",
    "central_atom": "Cr",
    "band_gap": 0.14200000000000002,
    "density": 6.799985859860816,
    "formula": "BaSrCrBiO6",
    "space_group_number": 216,
    "space_group_symbol": "F-43m",
    "steinhart_parameter_sum 1/r^7": 3.398284020803211e-05,
    "electronegativity_std": 1.0247174503898184,
    "quadrupole_moment_normalized_1/r^7": [
        [
            -0.10873528530284028,
            5.232270745955583e-17,
            -1.781956150698075e-17
        ],
        [
            5.232270745955583e-17,
            -0.10873528530284016,
            -2.674252421071277e-17
        ],
        [
            -1.781956150698075e-17,
            -2.674252421071277e-17,
            -0.10873528530284013
        ]
    ],
    "normalized_dipole_anisotropy_matrix_1/r^7": [
        [
            0.0,
            6.934574035876231e-17,
            8.682352407152595e-18
        ],
        [
            6.934574035876231e-17,
            0.0,
            7.802809276591491e-17
        ],
        [
            8.682352407152595e-18,
            7.802809276591491e-17,
            0.0
        ]
    ],
    "normalized_quadrupole_anisotropy_matrix_sum_1/r^7": 3.608224830031759e-16,
    "dipole_moment_normalized_1/r^7": [
        -5.023731234341574e-17,
        -1.1958305270217805e-16,
        -4.1554959936263144e-17
    ],
    "normalized_quadrupole_anisotropy_matrix_1/r^7": [
        [
            0.0,
            1.8041124150158794e-16,
            1.3877787807814457e-16
        ],
        [
            1.8041124150158794e-16,
            0.0,
            4.163336342344337e-17
        ],
        [
            1.3877787807814457e-16,
            4.163336342344337e-17,
            0.0
        ]
    ],
    "normalized_dipole_anisotropy_matrix_sum_1/r^7": 1.5605618553182982e-16,
    "average_electronegativity": 2.7109019607843146,
    "avg_spectra_anisotropy_matrix": [
        [
            0.0,
            3.1241803007310366e-06,
            3.885766713552404e-07
        ],
        [
            3.1241803007310366e-06,
            0.0,
            3.13771287903324e-06
        ],
        [
            3.885766713552404e-07,
            3.13771287903324e-06,
            0.0
        ]
    ]
}