{
    "mp-id": "mp-1518389",
    "central_atom": "Cr",
    "band_gap": 0.0,
    "density": 6.195692784482032,
    "formula": "SrEuNbCrO6",
    "space_group_number": 216,
    "space_group_symbol": "F-43m",
    "steinhart_parameter_sum 1/r^7": 3.492268882939075e-05,
    "electronegativity_std": 1.0678825124841302,
    "quadrupole_moment_normalized_1/r^7": [
        [
            -0.1146086055715697,
            3.5174877637010955e-17,
            7.847413183721089e-18
        ],
        [
            3.5174877637010955e-17,
            -0.11460860557156957,
            2.1452803455109665e-17
        ],
        [
            7.847413183721089e-18,
            2.1452803455109665e-17,
            -0.11460860557156936
        ]
    ],
    "normalized_dipole_anisotropy_matrix_1/r^7": [
        [
            0.0,
            1.0899842286278414e-16,
            1.5044305675766742e-16
        ],
        [
            1.0899842286278414e-16,
            0.0,
            4.144463389488327e-17
        ],
        [
            1.5044305675766742e-16,
            4.144463389488327e-17,
            0.0
        ]
    ],
    "normalized_quadrupole_anisotropy_matrix_sum_1/r^7": 6.661338147750939e-16,
    "dipole_moment_normalized_1/r^7": [
        -8.679239535932858e-17,
        2.220602750345555e-17,
        6.365066139833882e-17
    ],
    "normalized_quadrupole_anisotropy_matrix_1/r^7": [
        [
            0.0,
            1.3877787807814457e-16,
            3.3306690738754696e-16
        ],
        [
            1.3877787807814457e-16,
            0.0,
            1.942890293094024e-16
        ],
        [
            3.3306690738754696e-16,
            1.942890293094024e-16,
            0.0
        ]
    ],
    "normalized_dipole_anisotropy_matrix_sum_1/r^7": 3.0088611351533484e-16,
    "average_electronegativity": 2.566021505376344,
    "avg_spectra_anisotropy_matrix": [
        [
            0.0,
            4.310515819416539e-07,
            2.78943415390448e-06
        ],
        [
            4.310515819416539e-07,
            0.0,
            2.729373737794516e-06
        ],
        [
            2.78943415390448e-06,
            2.729373737794516e-06,
            0.0
        ]
    ]
}