{
    "mp-id": "mp-1040803",
    "central_atom": "Cr",
    "band_gap": 0.336599999999999,
    "density": 5.368630385796289,
    "formula": "LaCrMoO6",
    "space_group_number": 1,
    "space_group_symbol": "P1",
    "steinhart_parameter_sum 1/r^7": 0.0001402944625612938,
    "electronegativity_std": 0.9013458180960757,
    "quadrupole_moment_normalized_1/r^7": [
        [
            -0.11969408820549622,
            -0.025287347218517716,
            0.03365313654672351
        ],
        [
            -0.025287347218517716,
            -0.17133274220296332,
            0.10978987414377593
        ],
        [
            0.03365313654672351,
            0.10978987414377593,
            -0.3083807864323214
        ]
    ],
    "normalized_dipole_anisotropy_matrix_1/r^7": [
        [
            0.0,
            0.03340474627872111,
            0.05606904193125732
        ],
        [
            0.03340474627872111,
            0.0,
            0.08947378820997842
        ],
        [
            0.05606904193125732,
            0.08947378820997842,
            0.0
        ]
    ],
    "normalized_quadrupole_anisotropy_matrix_sum_1/r^7": 0.540470362927012,
    "dipole_moment_normalized_1/r^7": [
        0.0036905589025534222,
        0.03709530518127453,
        -0.0523784830287039
    ],
    "normalized_quadrupole_anisotropy_matrix_1/r^7": [
        [
            0.0,
            0.25853883507467945,
            0.270235181463506
        ],
        [
            0.25853883507467945,
            0.0,
            0.011696346388826537
        ],
        [
            0.270235181463506,
            0.011696346388826537,
            0.0
        ]
    ],
    "normalized_dipole_anisotropy_matrix_sum_1/r^7": 0.17894757641995684,
    "average_electronegativity": 2.8037918215613384,
    "avg_spectra_anisotropy_matrix": [
        [
            0.0,
            0.12250269469499984,
            0.13072756063861726
        ],
        [
            0.12250269469499984,
            0.0,
            0.012184017767084906
        ],
        [
            0.13072756063861726,
            0.012184017767084906,
            0.0
        ]
    ]
}