{
    "mp-id": "mp-1518073",
    "central_atom": "Cr",
    "band_gap": 0.0,
    "density": 6.060455697392634,
    "formula": "SrEuZrCrO6",
    "space_group_number": 216,
    "space_group_symbol": "F-43m",
    "steinhart_parameter_sum 1/r^7": 4.0570150673510804e-05,
    "electronegativity_std": 1.0865192833453445,
    "quadrupole_moment_normalized_1/r^7": [
        [
            -0.12834509106665562,
            -1.2609868011057652e-16,
            -1.8209053954575627e-17
        ],
        [
            -1.2609868011057652e-16,
            -0.12834509106665623,
            -2.8240078461458373e-17
        ],
        [
            -1.8209053954575627e-17,
            -2.8240078461458373e-17,
            -0.1283450910666559
        ]
    ],
    "normalized_dipole_anisotropy_matrix_1/r^7": [
        [
            0.0,
            4.934888711818579e-17,
            2.5103998371129932e-17
        ],
        [
            4.934888711818579e-17,
            0.0,
            2.4244888747055856e-17
        ],
        [
            2.5103998371129932e-17,
            2.4244888747055856e-17,
            0.0
        ]
    ],
    "normalized_quadrupole_anisotropy_matrix_sum_1/r^7": 1.3322676295501878e-15,
    "dipole_moment_normalized_1/r^7": [
        -4.442062475818065e-17,
        -9.376951187636644e-17,
        -6.952462312931058e-17
    ],
    "normalized_quadrupole_anisotropy_matrix_1/r^7": [
        [
            0.0,
            6.661338147750939e-16,
            3.0531133177191805e-16
        ],
        [
            6.661338147750939e-16,
            0.0,
            3.608224830031759e-16
        ],
        [
            3.0531133177191805e-16,
            3.608224830031759e-16,
            0.0
        ]
    ],
    "normalized_dipole_anisotropy_matrix_sum_1/r^7": 9.869777423637158e-17,
    "average_electronegativity": 2.5476344086021503,
    "avg_spectra_anisotropy_matrix": [
        [
            0.0,
            4.215288692756724e-07,
            2.2839053481697066e-06
        ],
        [
            4.215288692756724e-07,
            0.0,
            2.2770662606330925e-06
        ],
        [
            2.2839053481697066e-06,
            2.2770662606330925e-06,
            0.0
        ]
    ]
}