{
    "mp-id": "mp-1030883",
    "central_atom": "Cr",
    "band_gap": 2.0172,
    "density": 3.587135304503056,
    "formula": "Mg6CrSiO8",
    "space_group_number": 123,
    "space_group_symbol": "P4/mmm",
    "steinhart_parameter_sum 1/r^7": 1.6837133892063948e-05,
    "electronegativity_std": 1.0234592520289922,
    "quadrupole_moment_normalized_1/r^7": [
        [
            -0.05700050490133761,
            3.9048218868423246e-18,
            -1.2661024979083654e-18
        ],
        [
            3.9048218868423246e-18,
            -0.05700050490133761,
            -1.4420735927004463e-18
        ],
        [
            -1.2661024979083654e-18,
            -1.4420735927004463e-18,
            -0.07760184695155983
        ]
    ],
    "normalized_dipole_anisotropy_matrix_1/r^7": [
        [
            0.0,
            1.219939202283006e-18,
            3.173107181400777e-17
        ],
        [
            1.219939202283006e-18,
            0.0,
            3.051113261172476e-17
        ],
        [
            3.173107181400777e-17,
            3.051113261172476e-17,
            0.0
        ]
    ],
    "normalized_quadrupole_anisotropy_matrix_sum_1/r^7": 0.04120268410044445,
    "dipole_moment_normalized_1/r^7": [
        3.2386304738268173e-18,
        2.0186912715438113e-18,
        -2.849244134018095e-17
    ],
    "normalized_quadrupole_anisotropy_matrix_1/r^7": [
        [
            0.0,
            1.3877787807814457e-17,
            0.020601342050222224
        ],
        [
            1.3877787807814457e-17,
            0.0,
            0.02060134205022221
        ],
        [
            0.020601342050222224,
            0.02060134205022221,
            0.0
        ]
    ],
    "normalized_dipole_anisotropy_matrix_sum_1/r^7": 6.346214362801554e-17,
    "average_electronegativity": 2.4294850948509485,
    "avg_spectra_anisotropy_matrix": [
        [
            0.0,
            1.85088552591652e-07,
            0.03539488646023945
        ],
        [
            1.85088552591652e-07,
            0.0,
            0.035394882288020416
        ],
        [
            0.03539488646023945,
            0.035394882288020416,
            0.0
        ]
    ]
}