{
    "mp-id": "mp-1033299",
    "central_atom": "Cr",
    "band_gap": 0.037399999999999003,
    "density": 3.621245174974793,
    "formula": "Mg6CrBO8",
    "space_group_number": 123,
    "space_group_symbol": "P4/mmm",
    "steinhart_parameter_sum 1/r^7": 1.8373727538602614e-05,
    "electronegativity_std": 1.015380721556744,
    "quadrupole_moment_normalized_1/r^7": [
        [
            -0.06617339392138856,
            2.5157937324636788e-18,
            -3.2665825610862093e-18
        ],
        [
            2.5157937324636788e-18,
            -0.06617339392138856,
            -3.070917950270466e-18
        ],
        [
            -3.2665825610862093e-18,
            -3.070917950270466e-18,
            -0.07417448334114939
        ]
    ],
    "normalized_dipole_anisotropy_matrix_1/r^7": [
        [
            0.0,
            2.7401515843676616e-19,
            1.7105300974208561e-18
        ],
        [
            2.7401515843676616e-19,
            0.0,
            1.9845452558576223e-18
        ],
        [
            1.7105300974208561e-18,
            1.9845452558576223e-18,
            0.0
        ]
    ],
    "normalized_quadrupole_anisotropy_matrix_sum_1/r^7": 0.016002178839521708,
    "dipole_moment_normalized_1/r^7": [
        1.103101595121116e-18,
        8.2908643668434985e-19,
        2.813631692541972e-18
    ],
    "normalized_quadrupole_anisotropy_matrix_1/r^7": [
        [
            0.0,
            0.008001089419760854,
            5.551115123125783e-17
        ],
        [
            0.008001089419760854,
            0.0,
            0.008001089419760798
        ],
        [
            5.551115123125783e-17,
            0.008001089419760798,
            0.0
        ]
    ],
    "normalized_dipole_anisotropy_matrix_sum_1/r^7": 3.9690905117152446e-18,
    "average_electronegativity": 2.4433875338753386,
    "avg_spectra_anisotropy_matrix": [
        [
            0.0,
            0.03952096313657287,
            2.102603319566465e-07
        ],
        [
            0.03952096313657287,
            0.0,
            0.03952096008119195
        ],
        [
            2.102603319566465e-07,
            0.03952096008119195,
            0.0
        ]
    ]
}