{
    "mp-id": "mp-1217256",
    "central_atom": "Cr",
    "band_gap": 0.0,
    "density": 5.430270216782206,
    "formula": "Ti2CrIn3O6",
    "space_group_number": 12,
    "space_group_symbol": "C2/m",
    "steinhart_parameter_sum 1/r^7": 2.2018277714487635e-05,
    "electronegativity_std": 0.880123911649131,
    "quadrupole_moment_normalized_1/r^7": [
        [
            0.009496121217909178,
            0.0055367156334403325,
            -0.0188656248404484
        ],
        [
            0.0055367156334403325,
            0.00247189694592272,
            0.03430810070321179
        ],
        [
            -0.0188656248404484,
            0.03430810070321179,
            -0.10625250286968543
        ]
    ],
    "normalized_dipole_anisotropy_matrix_1/r^7": [
        [
            0.0,
            2.5732755058467238e-17,
            7.130037476367002e-17
        ],
        [
            2.5732755058467238e-17,
            0.0,
            9.703312982213726e-17
        ],
        [
            7.130037476367002e-17,
            9.703312982213726e-17,
            0.0
        ]
    ],
    "normalized_quadrupole_anisotropy_matrix_sum_1/r^7": 0.26343625028332196,
    "dipole_moment_normalized_1/r^7": [
        -5.973699860510953e-18,
        1.9759055197956284e-17,
        -7.727407462418097e-17
    ],
    "normalized_quadrupole_anisotropy_matrix_1/r^7": [
        [
            0.0,
            0.13171812514166095,
            0.1315296756741599
        ],
        [
            0.13171812514166095,
            0.0,
            0.00018844946750105548
        ],
        [
            0.1315296756741599,
            0.00018844946750105548,
            0.0
        ]
    ],
    "normalized_dipole_anisotropy_matrix_sum_1/r^7": 1.9406625964427451e-16,
    "average_electronegativity": 2.5844628099173557,
    "avg_spectra_anisotropy_matrix": [
        [
            0.0,
            0.10889514322515141,
            0.10807594170976738
        ],
        [
            0.10889514322515141,
            0.0,
            0.0022565624683951882
        ],
        [
            0.10807594170976738,
            0.0022565624683951882,
            0.0
        ]
    ]
}