{
    "mp-id": "mp-1518792",
    "central_atom": "Cr",
    "band_gap": 0.0,
    "density": 6.540056081388972,
    "formula": "SrEuCrSnO6",
    "space_group_number": 216,
    "space_group_symbol": "F-43m",
    "steinhart_parameter_sum 1/r^7": 3.862406963941713e-05,
    "electronegativity_std": 1.0493958312242428,
    "quadrupole_moment_normalized_1/r^7": [
        [
            -0.12311908153201867,
            2.7040562360390357e-17,
            -1.7779816903869183e-17
        ],
        [
            2.7040562360390357e-17,
            -0.12311908153201843,
            1.7560263546002527e-17
        ],
        [
            -1.7779816903869183e-17,
            1.7560263546002527e-17,
            -0.12311908153201834
        ]
    ],
    "normalized_dipole_anisotropy_matrix_1/r^7": [
        [
            0.0,
            9.507457050359277e-17,
            7.017930757445509e-17
        ],
        [
            9.507457050359277e-17,
            0.0,
            1.6525387807804785e-16
        ],
        [
            7.017930757445509e-17,
            1.6525387807804785e-16,
            0.0
        ]
    ],
    "normalized_quadrupole_anisotropy_matrix_sum_1/r^7": 6.661338147750939e-16,
    "dipole_moment_normalized_1/r^7": [
        3.922791481588343e-17,
        -5.584665568770934e-17,
        1.0940722239033852e-16
    ],
    "normalized_quadrupole_anisotropy_matrix_1/r^7": [
        [
            0.0,
            2.636779683484747e-16,
            3.3306690738754696e-16
        ],
        [
            2.636779683484747e-16,
            0.0,
            6.938893903907228e-17
        ],
        [
            3.3306690738754696e-16,
            6.938893903907228e-17,
            0.0
        ]
    ],
    "normalized_dipole_anisotropy_matrix_sum_1/r^7": 3.305077561560957e-16,
    "average_electronegativity": 2.590537634408602,
    "avg_spectra_anisotropy_matrix": [
        [
            0.0,
            7.109172116368734e-07,
            2.785161638798618e-06
        ],
        [
            7.109172116368734e-07,
            0.0,
            2.4975508265320567e-06
        ],
        [
            2.785161638798618e-06,
            2.4975508265320567e-06,
            0.0
        ]
    ]
}