{
    "mp-id": "mp-1213765",
    "central_atom": "Cr",
    "band_gap": 2.05,
    "density": 1.750593941303653,
    "formula": "CrH14N3O8",
    "space_group_number": 121,
    "space_group_symbol": "I-42m",
    "steinhart_parameter_sum 1/r^7": 3.533858729842095e-05,
    "electronegativity_std": 0.5921674674494307,
    "quadrupole_moment_normalized_1/r^7": [
        [
            -0.11996778468286318,
            0.010906989959625564,
            -0.011628020237837997
        ],
        [
            0.010906989959625564,
            -0.11078546941921918,
            -0.017510870378579815
        ],
        [
            -0.011628020237837997,
            -0.017510870378579815,
            -0.1085420611003587
        ]
    ],
    "normalized_dipole_anisotropy_matrix_1/r^7": [
        [
            0.0,
            9.742847010952756e-12,
            1.5117672492603318e-11
        ],
        [
            9.742847010952756e-12,
            0.0,
            2.4860519503556073e-11
        ],
        [
            1.5117672492603318e-11,
            2.4860519503556073e-11,
            0.0
        ]
    ],
    "normalized_quadrupole_anisotropy_matrix_sum_1/r^7": 0.08467252394887045,
    "dipole_moment_normalized_1/r^7": [
        1.9257486470530734e-11,
        2.900033348148349e-11,
        4.139813977927416e-12
    ],
    "normalized_quadrupole_anisotropy_matrix_1/r^7": [
        [
            0.0,
            0.04233626197443523,
            0.04233626190607852
        ],
        [
            0.04233626197443523,
            0.0,
            6.835670918192704e-11
        ],
        [
            0.04233626190607852,
            6.835670918192704e-11,
            0.0
        ]
    ],
    "normalized_dipole_anisotropy_matrix_sum_1/r^7": 4.9721039007112147e-11,
    "average_electronegativity": 2.6699033816425124,
    "avg_spectra_anisotropy_matrix": [
        [
            0.0,
            0.09370289311448286,
            0.09370271093039781
        ],
        [
            0.09370289311448286,
            0.0,
            2.2051270585810497e-06
        ],
        [
            0.09370271093039781,
            2.2051270585810497e-06,
            0.0
        ]
    ]
}