{
    "mp-id": "mp-1523008",
    "central_atom": "Cr",
    "band_gap": 0.0,
    "density": 7.530880146081642,
    "formula": "EuZrCrBiO6",
    "space_group_number": 216,
    "space_group_symbol": "F-43m",
    "steinhart_parameter_sum 1/r^7": 3.818215999695378e-05,
    "electronegativity_std": 0.9414874522975465,
    "quadrupole_moment_normalized_1/r^7": [
        [
            -0.12262977663233732,
            -9.802542891984567e-17,
            -3.2991933295555e-19
        ],
        [
            -9.802542891984567e-17,
            -0.12262977663233655,
            2.963260062674444e-17
        ],
        [
            -3.2991933295555e-19,
            2.963260062674444e-17,
            -0.12262977663233758
        ]
    ],
    "normalized_dipole_anisotropy_matrix_1/r^7": [
        [
            0.0,
            1.9338347167944874e-16,
            2.802601735381945e-17
        ],
        [
            1.9338347167944874e-16,
            0.0,
            1.653574543256293e-16
        ],
        [
            2.802601735381945e-17,
            1.653574543256293e-16,
            0.0
        ]
    ],
    "normalized_quadrupole_anisotropy_matrix_sum_1/r^7": 2.0816681711721685e-15,
    "dipole_moment_normalized_1/r^7": [
        5.867368108872977e-17,
        -1.3470979059071898e-16,
        3.0647663734910315e-17
    ],
    "normalized_quadrupole_anisotropy_matrix_1/r^7": [
        [
            0.0,
            8.049116928532385e-16,
            1.0408340855860843e-15
        ],
        [
            8.049116928532385e-16,
            0.0,
            2.3592239273284576e-16
        ],
        [
            1.0408340855860843e-15,
            2.3592239273284576e-16,
            0.0
        ]
    ],
    "normalized_dipole_anisotropy_matrix_sum_1/r^7": 3.867669433588975e-16,
    "average_electronegativity": 2.6780286738351258,
    "avg_spectra_anisotropy_matrix": [
        [
            0.0,
            3.8539012615048984e-06,
            3.5466740532891653e-06
        ],
        [
            3.8539012615048984e-06,
            0.0,
            1.2028383155653665e-06
        ],
        [
            3.5466740532891653e-06,
            1.2028383155653665e-06,
            0.0
        ]
    ]
}