{
    "mp-id": "mp-1033888",
    "central_atom": "Cr",
    "band_gap": 1.992999999999999,
    "density": 3.919097515209055,
    "formula": "Mg14CrCdO16",
    "space_group_number": 123,
    "space_group_symbol": "P4/mmm",
    "steinhart_parameter_sum 1/r^7": 1.5508287890868203e-05,
    "electronegativity_std": 1.04988811492942,
    "quadrupole_moment_normalized_1/r^7": [
        [
            -0.06219277311048524,
            6.1023429893752e-18,
            -2.873559273560214e-18
        ],
        [
            6.1023429893752e-18,
            -0.062192773110485225,
            -3.06880036790233e-18
        ],
        [
            -2.873559273560214e-18,
            -3.06880036790233e-18,
            -0.056073191184202995
        ]
    ],
    "normalized_dipole_anisotropy_matrix_1/r^7": [
        [
            0.0,
            4.1165801236558996e-19,
            1.0225805255727541e-17
        ],
        [
            4.1165801236558996e-19,
            0.0,
            1.0637463268093131e-17
        ],
        [
            1.0225805255727541e-17,
            1.0637463268093131e-17,
            0.0
        ]
    ],
    "normalized_quadrupole_anisotropy_matrix_sum_1/r^7": 0.012239163852564475,
    "dipole_moment_normalized_1/r^7": [
        -9.634364500307226e-18,
        -1.0046022512672816e-17,
        5.914407554203152e-19
    ],
    "normalized_quadrupole_anisotropy_matrix_1/r^7": [
        [
            0.0,
            1.3877787807814457e-17,
            0.006119581926282237
        ],
        [
            1.3877787807814457e-17,
            0.0,
            0.0061195819262822235
        ],
        [
            0.006119581926282237,
            0.0061195819262822235,
            0.0
        ]
    ],
    "normalized_dipole_anisotropy_matrix_sum_1/r^7": 2.1274926536186262e-17,
    "average_electronegativity": 2.395772357723577,
    "avg_spectra_anisotropy_matrix": [
        [
            0.0,
            1.002140656561211e-07,
            0.010858088665062823
        ],
        [
            1.002140656561211e-07,
            0.0,
            0.0108580753313442
        ],
        [
            0.010858088665062823,
            0.0108580753313442,
            0.0
        ]
    ]
}