{
    "mp-id": "mp-18876",
    "central_atom": "Cr",
    "band_gap": 1.818899999999999,
    "density": 2.713038338464534,
    "formula": "K3CrO8",
    "space_group_number": 121,
    "space_group_symbol": "I-42m",
    "steinhart_parameter_sum 1/r^7": 7.393591328421734e-05,
    "electronegativity_std": 1.1424461933337358,
    "quadrupole_moment_normalized_1/r^7": [
        [
            -0.09534097871908855,
            0.003670751219932813,
            -0.0035203906412475433
        ],
        [
            0.003670751219932813,
            -0.09182799859164774,
            -0.005587210523764371
        ],
        [
            -0.0035203906412475433,
            -0.005587210523764371,
            -0.09229549802785685
        ]
    ],
    "normalized_dipole_anisotropy_matrix_1/r^7": [
        [
            0.0,
            1.9955394057585954e-12,
            2.0567391429133404e-12
        ],
        [
            1.9955394057585954e-12,
            0.0,
            4.052278548671936e-12
        ],
        [
            2.0567391429133404e-12,
            4.052278548671936e-12,
            0.0
        ]
    ],
    "normalized_quadrupole_anisotropy_matrix_sum_1/r^7": 0.026994127340398494,
    "dipole_moment_normalized_1/r^7": [
        3.399023289589335e-12,
        5.3945626953479305e-12,
        1.3422841466759947e-12
    ],
    "normalized_quadrupole_anisotropy_matrix_1/r^7": [
        [
            0.0,
            0.013497063656840821,
            0.013497063670199247
        ],
        [
            0.013497063656840821,
            0.0,
            1.3358425476894809e-11
        ],
        [
            0.013497063670199247,
            1.3358425476894809e-11,
            0.0
        ]
    ],
    "normalized_dipole_anisotropy_matrix_sum_1/r^7": 8.104557097343872e-12,
    "average_electronegativity": 2.656595744680851,
    "avg_spectra_anisotropy_matrix": [
        [
            0.0,
            0.0960384358171514,
            0.09603936693391453
        ],
        [
            0.0960384358171514,
            0.0,
            1.1797686090854284e-06
        ],
        [
            0.09603936693391453,
            1.1797686090854284e-06,
            0.0
        ]
    ]
}