{
    "mp-id": "mp-18854",
    "central_atom": "Cr",
    "band_gap": 0.0,
    "density": 5.380496490150548,
    "formula": "Sr2CrO4",
    "space_group_number": 139,
    "space_group_symbol": "I4/mmm",
    "steinhart_parameter_sum 1/r^7": 4.671241601503509e-05,
    "electronegativity_std": 1.1332715371850683,
    "quadrupole_moment_normalized_1/r^7": [
        [
            -0.14963604462778568,
            0.002305761151373126,
            -0.007423425027086499
        ],
        [
            0.002305761151373126,
            -0.149257209296354,
            -0.008058264085488919
        ],
        [
            -0.007423425027086499,
            -0.008058264085488919,
            -0.1258164799858749
        ]
    ],
    "normalized_dipole_anisotropy_matrix_1/r^7": [
        [
            0.0,
            8.961726810174e-12,
            4.710285270118035e-10
        ],
        [
            8.961726810174e-12,
            0.0,
            4.799902538219775e-10
        ],
        [
            4.710285270118035e-10,
            4.799902538219775e-10,
            0.0
        ]
    ],
    "normalized_quadrupole_anisotropy_matrix_sum_1/r^7": 0.06114146434067033,
    "dipole_moment_normalized_1/r^7": [
        -1.0479320125050538e-10,
        -1.1375492806067938e-10,
        3.662353257612981e-10
    ],
    "normalized_quadrupole_anisotropy_matrix_1/r^7": [
        [
            0.0,
            0.03057073213490165,
            0.030570732170335166
        ],
        [
            0.03057073213490165,
            0.0,
            3.543351723145349e-11
        ],
        [
            0.030570732170335166,
            3.543351723145349e-11,
            0.0
        ]
    ],
    "normalized_dipole_anisotropy_matrix_sum_1/r^7": 9.59980507643955e-10,
    "average_electronegativity": 2.4847260273972602,
    "avg_spectra_anisotropy_matrix": [
        [
            0.0,
            0.0657229760320427,
            0.06572252637322082
        ],
        [
            0.0657229760320427,
            0.0,
            6.411883421133795e-07
        ],
        [
            0.06572252637322082,
            6.411883421133795e-07,
            0.0
        ]
    ]
}