{
    "mp-id": "mp-1226463",
    "central_atom": "Cr",
    "band_gap": 2.6506,
    "density": 2.590706635228414,
    "formula": "CrH5O4",
    "space_group_number": 6,
    "space_group_symbol": "Pm",
    "steinhart_parameter_sum 1/r^7": 5.4066918518303816e-05,
    "electronegativity_std": 0.6684054425878404,
    "quadrupole_moment_normalized_1/r^7": [
        [
            -0.06561100471020237,
            -2.1514636860259229e-19,
            -0.00598343228211373
        ],
        [
            -2.1514636860259229e-19,
            -0.10588620439488769,
            -2.8741945482706546e-18
        ],
        [
            -0.00598343228211373,
            -2.8741945482706546e-18,
            -0.07928996998470658
        ]
    ],
    "normalized_dipole_anisotropy_matrix_1/r^7": [
        [
            0.0,
            0.003023457144942109,
            0.01119845171321224
        ],
        [
            0.003023457144942109,
            0.0,
            0.00817499456827013
        ],
        [
            0.01119845171321224,
            0.00817499456827013,
            0.0
        ]
    ],
    "normalized_quadrupole_anisotropy_matrix_sum_1/r^7": 0.0850461401029331,
    "dipole_moment_normalized_1/r^7": [
        -0.003023457144942109,
        2.167874949378975e-19,
        0.00817499456827013
    ],
    "normalized_quadrupole_anisotropy_matrix_1/r^7": [
        [
            0.0,
            0.01817470600806667,
            0.04252307005146655
        ],
        [
            0.01817470600806667,
            0.0,
            0.024348364043399878
        ],
        [
            0.04252307005146655,
            0.024348364043399878,
            0.0
        ]
    ],
    "normalized_dipole_anisotropy_matrix_sum_1/r^7": 0.02239690342642448,
    "average_electronegativity": 2.6471537622682657,
    "avg_spectra_anisotropy_matrix": [
        [
            0.0,
            0.03474234130621905,
            0.03577065003237418
        ],
        [
            0.03474234130621905,
            0.0,
            0.024854323739508716
        ],
        [
            0.03577065003237418,
            0.024854323739508716,
            0.0
        ]
    ]
}