{
    "mp-id": "mp-1522060",
    "central_atom": "Cr",
    "band_gap": 0.0,
    "density": 6.214152414029098,
    "formula": "BaSrTbCrO6",
    "space_group_number": 216,
    "space_group_symbol": "F-43m",
    "steinhart_parameter_sum 1/r^7": 5.2161793617462346e-05,
    "electronegativity_std": 1.096874326072605,
    "quadrupole_moment_normalized_1/r^7": [
        [
            -0.15028257971867137,
            1.95237388572972e-17,
            1.2120194442261784e-17
        ],
        [
            1.95237388572972e-17,
            -0.15028257971867193,
            6.981457309506757e-18
        ],
        [
            1.2120194442261784e-17,
            6.981457309506757e-18,
            -0.15028257971867168
        ]
    ],
    "normalized_dipole_anisotropy_matrix_1/r^7": [
        [
            0.0,
            1.0992809471334071e-16,
            2.2174263767933515e-16
        ],
        [
            1.0992809471334071e-16,
            0.0,
            1.1181454296599444e-16
        ],
        [
            2.2174263767933515e-16,
            1.1181454296599444e-16,
            0.0
        ]
    ],
    "normalized_quadrupole_anisotropy_matrix_sum_1/r^7": 1.0547118733938987e-15,
    "dipole_moment_normalized_1/r^7": [
        1.31687153518442e-16,
        2.1759058805101298e-17,
        -9.005548416089314e-17
    ],
    "normalized_quadrupole_anisotropy_matrix_1/r^7": [
        [
            0.0,
            5.273559366969494e-16,
            3.0531133177191805e-16
        ],
        [
            5.273559366969494e-16,
            0.0,
            2.220446049250313e-16
        ],
        [
            3.0531133177191805e-16,
            2.220446049250313e-16,
            0.0
        ]
    ],
    "normalized_dipole_anisotropy_matrix_sum_1/r^7": 4.434852753586703e-16,
    "average_electronegativity": 2.6423529411764712,
    "avg_spectra_anisotropy_matrix": [
        [
            0.0,
            6.180029419194482e-07,
            3.3680117939836734e-06
        ],
        [
            6.180029419194482e-07,
            0.0,
            3.2674242900416673e-06
        ],
        [
            3.3680117939836734e-06,
            3.2674242900416673e-06,
            0.0
        ]
    ]
}