{
    "mp-id": "mp-1033868",
    "central_atom": "Cr",
    "band_gap": 0.016799999999999,
    "density": 3.538384560136301,
    "formula": "Mg14CrBO16",
    "space_group_number": 123,
    "space_group_symbol": "P4/mmm",
    "steinhart_parameter_sum 1/r^7": 1.7629019949116208e-05,
    "electronegativity_std": 1.045038867473923,
    "quadrupole_moment_normalized_1/r^7": [
        [
            -0.06996664802373043,
            5.367436028513688e-18,
            -4.8089236789178834e-18
        ],
        [
            5.367436028513688e-18,
            -0.06996664802373043,
            -4.6463992321634645e-18
        ],
        [
            -4.8089236789178834e-18,
            -4.6463992321634645e-18,
            -0.06788323670177464
        ]
    ],
    "normalized_dipole_anisotropy_matrix_1/r^7": [
        [
            0.0,
            5.855644643487385e-19,
            3.243760317113626e-17
        ],
        [
            5.855644643487385e-19,
            0.0,
            3.1852038706787524e-17
        ],
        [
            3.243760317113626e-17,
            3.1852038706787524e-17,
            0.0
        ]
    ],
    "normalized_quadrupole_anisotropy_matrix_sum_1/r^7": 0.004166822643911633,
    "dipole_moment_normalized_1/r^7": [
        3.2631573716057497e-17,
        3.204600925170876e-17,
        1.9397054492123478e-19
    ],
    "normalized_quadrupole_anisotropy_matrix_1/r^7": [
        [
            0.0,
            2.7755575615628914e-17,
            0.0020834113219557887
        ],
        [
            2.7755575615628914e-17,
            0.0,
            0.0020834113219558165
        ],
        [
            0.0020834113219557887,
            0.0020834113219558165,
            0.0
        ]
    ],
    "normalized_dipole_anisotropy_matrix_sum_1/r^7": 6.487520634227252e-17,
    "average_electronegativity": 2.4052574525745256,
    "avg_spectra_anisotropy_matrix": [
        [
            0.0,
            8.778722776772731e-08,
            0.004471477583335255
        ],
        [
            8.778722776772731e-08,
            0.0,
            0.0044714710768309325
        ],
        [
            0.004471477583335255,
            0.0044714710768309325,
            0.0
        ]
    ]
}