{
    "mp-id": "mp-1522051",
    "central_atom": "Cr",
    "band_gap": 0.0,
    "density": 7.753552334121119,
    "formula": "EuNbCrBiO6",
    "space_group_number": 216,
    "space_group_symbol": "F-43m",
    "steinhart_parameter_sum 1/r^7": 3.516380300399269e-05,
    "electronegativity_std": 0.9173071384626772,
    "quadrupole_moment_normalized_1/r^7": [
        [
            -0.11306033977625092,
            -7.671192956846495e-17,
            2.823137537820779e-17
        ],
        [
            -7.671192956846495e-17,
            -0.11306033977625148,
            -8.513782262737149e-17
        ],
        [
            2.823137537820779e-17,
            -8.513782262737149e-17,
            -0.11306033977625105
        ]
    ],
    "normalized_dipole_anisotropy_matrix_1/r^7": [
        [
            0.0,
            9.26731672495402e-17,
            3.0451753721581716e-17
        ],
        [
            9.26731672495402e-17,
            0.0,
            1.231249209711219e-16
        ],
        [
            3.0451753721581716e-17,
            1.231249209711219e-16,
            0.0
        ]
    ],
    "normalized_quadrupole_anisotropy_matrix_sum_1/r^7": 1.1657341758564144e-15,
    "dipole_moment_normalized_1/r^7": [
        5.533786075870196e-17,
        -3.7335306490838237e-17,
        8.578961448028367e-17
    ],
    "normalized_quadrupole_anisotropy_matrix_1/r^7": [
        [
            0.0,
            5.828670879282072e-16,
            9.71445146547012e-17
        ],
        [
            5.828670879282072e-16,
            0.0,
            4.85722573273506e-16
        ],
        [
            9.71445146547012e-17,
            4.85722573273506e-16,
            0.0
        ]
    ],
    "normalized_dipole_anisotropy_matrix_sum_1/r^7": 2.462498419422438e-16,
    "average_electronegativity": 2.696415770609319,
    "avg_spectra_anisotropy_matrix": [
        [
            0.0,
            5.192149631636157e-06,
            3.5962209623229914e-06
        ],
        [
            5.192149631636157e-06,
            0.0,
            3.953143344095543e-06
        ],
        [
            3.5962209623229914e-06,
            3.953143344095543e-06,
            0.0
        ]
    ]
}