{
    "mp-id": "mp-1520105",
    "central_atom": "Cr",
    "band_gap": 0.0,
    "density": 6.454801447403133,
    "formula": "EuNbCrSnO6",
    "space_group_number": 216,
    "space_group_symbol": "F-43m",
    "steinhart_parameter_sum 1/r^7": 3.2787221081611646e-05,
    "electronegativity_std": 0.9228918163079091,
    "quadrupole_moment_normalized_1/r^7": [
        [
            -0.10951011122665617,
            -6.55472211068004e-17,
            2.1375935215146337e-17
        ],
        [
            -6.55472211068004e-17,
            -0.10951011122665658,
            -2.5467104350384608e-17
        ],
        [
            2.1375935215146337e-17,
            -2.5467104350384608e-17,
            -0.10951011122665666
        ]
    ],
    "normalized_dipole_anisotropy_matrix_1/r^7": [
        [
            0.0,
            8.80768681356663e-19,
            2.8105003176150914e-17
        ],
        [
            8.80768681356663e-19,
            0.0,
            2.898577185750758e-17
        ],
        [
            2.8105003176150914e-17,
            2.898577185750758e-17,
            0.0
        ]
    ],
    "normalized_quadrupole_anisotropy_matrix_sum_1/r^7": 1.0269562977782698e-15,
    "dipole_moment_normalized_1/r^7": [
        -1.921896581496326e-17,
        -1.8338197133606598e-17,
        -4.7323968991114175e-17
    ],
    "normalized_quadrupole_anisotropy_matrix_1/r^7": [
        [
            0.0,
            4.718447854656915e-16,
            5.134781488891349e-16
        ],
        [
            4.718447854656915e-16,
            0.0,
            4.163336342344337e-17
        ],
        [
            5.134781488891349e-16,
            4.163336342344337e-17,
            0.0
        ]
    ],
    "normalized_dipole_anisotropy_matrix_sum_1/r^7": 5.797154371501515e-17,
    "average_electronegativity": 2.6891039426523298,
    "avg_spectra_anisotropy_matrix": [
        [
            0.0,
            3.9367850217173337e-07,
            3.7788924893772813e-06
        ],
        [
            3.9367850217173337e-07,
            0.0,
            3.7417136608813968e-06
        ],
        [
            3.7788924893772813e-06,
            3.7417136608813968e-06,
            0.0
        ]
    ]
}