{
    "mp-id": "mp-1095707",
    "central_atom": "Cr",
    "band_gap": 1.6296,
    "density": 3.665236437693019,
    "formula": "Mg30CrSnO32",
    "space_group_number": 123,
    "space_group_symbol": "P4/mmm",
    "steinhart_parameter_sum 1/r^7": 1.9159930661627828e-05,
    "electronegativity_std": 1.0563679935925578,
    "quadrupole_moment_normalized_1/r^7": [
        [
            -0.04593273586775101,
            6.524271276226248e-18,
            -1.3473753091974155e-17
        ],
        [
            6.524271276226248e-18,
            -0.045932735867751005,
            -1.3359297764976418e-17
        ],
        [
            -1.3473753091974155e-17,
            -1.3359297764976418e-17,
            -0.10175061101612573
        ]
    ],
    "normalized_dipole_anisotropy_matrix_1/r^7": [
        [
            0.0,
            7.362304498415972e-19,
            1.8590859120838675e-16
        ],
        [
            7.362304498415972e-19,
            0.0,
            1.8517236075854516e-16
        ],
        [
            1.8590859120838675e-16,
            1.8517236075854516e-16,
            0.0
        ]
    ],
    "normalized_quadrupole_anisotropy_matrix_sum_1/r^7": 0.11163575029674944,
    "dipole_moment_normalized_1/r^7": [
        2.4739714806929977e-17,
        2.400348435708838e-17,
        -1.6116887640145678e-16
    ],
    "normalized_quadrupole_anisotropy_matrix_1/r^7": [
        [
            0.0,
            0.055817875148374704,
            1.3877787807814457e-17
        ],
        [
            0.055817875148374704,
            0.0,
            0.05581787514837472
        ],
        [
            1.3877787807814457e-17,
            0.05581787514837472,
            0.0
        ]
    ],
    "normalized_dipole_anisotropy_matrix_sum_1/r^7": 3.718171824167735e-16,
    "average_electronegativity": 2.3895392953929537,
    "avg_spectra_anisotropy_matrix": [
        [
            0.0,
            0.06999632369365337,
            1.2183494038855987e-07
        ],
        [
            0.06999632369365337,
            0.0,
            0.06999632773736164
        ],
        [
            1.2183494038855987e-07,
            0.06999632773736164,
            0.0
        ]
    ]
}