{
    "mp-id": "mp-1033361",
    "central_atom": "Cr",
    "band_gap": 0.41029999999999905,
    "density": 4.808331760528127,
    "formula": "Mg6CrBiO8",
    "space_group_number": 123,
    "space_group_symbol": "P4/mmm",
    "steinhart_parameter_sum 1/r^7": 2.022711418364705e-05,
    "electronegativity_std": 1.013278610374735,
    "quadrupole_moment_normalized_1/r^7": [
        [
            -0.04313270084072113,
            3.064448319452e-18,
            -3.935130505678425e-18
        ],
        [
            3.064448319452e-18,
            -0.04313270084072113,
            -4.3037744049991e-18
        ],
        [
            -3.935130505678425e-18,
            -4.3037744049991e-18,
            -0.09456676108691064
        ]
    ],
    "normalized_dipole_anisotropy_matrix_1/r^7": [
        [
            0.0,
            8.373811019917876e-19,
            3.1780871093730666e-17
        ],
        [
            8.373811019917876e-19,
            0.0,
            3.094348999173888e-17
        ],
        [
            3.1780871093730666e-17,
            3.094348999173888e-17,
            0.0
        ]
    ],
    "normalized_quadrupole_anisotropy_matrix_sum_1/r^7": 0.10286812049237905,
    "dipole_moment_normalized_1/r^7": [
        7.441352896503979e-19,
        1.5815163916421855e-18,
        3.2525006383381065e-17
    ],
    "normalized_quadrupole_anisotropy_matrix_1/r^7": [
        [
            0.0,
            0.05143406024618952,
            6.938893903907228e-18
        ],
        [
            0.05143406024618952,
            0.0,
            0.051434060246189524
        ],
        [
            6.938893903907228e-18,
            0.051434060246189524,
            0.0
        ]
    ],
    "normalized_dipole_anisotropy_matrix_sum_1/r^7": 6.356174218746133e-17,
    "average_electronegativity": 2.4200638977635784,
    "avg_spectra_anisotropy_matrix": [
        [
            0.0,
            0.0740660407924333,
            5.158615872466028e-08
        ],
        [
            0.0740660407924333,
            0.0,
            0.07406604507393365
        ],
        [
            5.158615872466028e-08,
            0.07406604507393365,
            0.0
        ]
    ]
}