{
    "mp-id": "mp-1034067",
    "central_atom": "Cr",
    "band_gap": 0.09539999999999901,
    "density": 3.651127146233929,
    "formula": "Mg14TiCrO16",
    "space_group_number": 123,
    "space_group_symbol": "P4/mmm",
    "steinhart_parameter_sum 1/r^7": 1.4500468480844372e-05,
    "electronegativity_std": 1.052898984737036,
    "quadrupole_moment_normalized_1/r^7": [
        [
            -0.04486331065045218,
            -2.59552070862399e-18,
            -9.66782230172377e-19
        ],
        [
            -2.59552070862399e-18,
            -0.04486331065045221,
            8.927727264060326e-19
        ],
        [
            -9.66782230172377e-19,
            8.927727264060326e-19,
            -0.06898605193099853
        ]
    ],
    "normalized_dipole_anisotropy_matrix_1/r^7": [
        [
            0.0,
            1.5905531743982048e-17,
            3.9825212778851456e-17
        ],
        [
            1.5905531743982048e-17,
            0.0,
            2.3919681034869408e-17
        ],
        [
            3.9825212778851456e-17,
            2.3919681034869408e-17,
            0.0
        ]
    ],
    "normalized_quadrupole_anisotropy_matrix_sum_1/r^7": 0.048245482561092734,
    "dipole_moment_normalized_1/r^7": [
        3.45987018569372e-17,
        5.050423360091925e-17,
        7.442391463578866e-17
    ],
    "normalized_quadrupole_anisotropy_matrix_1/r^7": [
        [
            0.0,
            2.7755575615628914e-17,
            0.024122741280546367
        ],
        [
            2.7755575615628914e-17,
            0.0,
            0.02412274128054634
        ],
        [
            0.024122741280546367,
            0.02412274128054634,
            0.0
        ]
    ],
    "normalized_dipole_anisotropy_matrix_sum_1/r^7": 7.965042555770291e-17,
    "average_electronegativity": 2.3917073170731706,
    "avg_spectra_anisotropy_matrix": [
        [
            0.0,
            1.649339731288276e-07,
            0.029707621299238495
        ],
        [
            1.649339731288276e-07,
            0.0,
            0.029707624894814964
        ],
        [
            0.029707621299238495,
            0.029707624894814964,
            0.0
        ]
    ]
}