{
    "mp-id": "mp-1147577",
    "central_atom": "Cr",
    "band_gap": 0.7847000000000001,
    "density": 7.359997181461667,
    "formula": "GdCrO3",
    "space_group_number": 221,
    "space_group_symbol": "Pm-3m",
    "steinhart_parameter_sum 1/r^7": 3.930221432324529e-05,
    "electronegativity_std": 1.0097921039137587,
    "quadrupole_moment_normalized_1/r^7": [
        [
            -0.13074244653819997,
            1.3391872064443863e-17,
            -1.4554806275718022e-17
        ],
        [
            1.3391872064443863e-17,
            -0.13074244653819994,
            -9.438488131254669e-18
        ],
        [
            -1.4554806275718022e-17,
            -9.438488131254669e-18,
            -0.13074244653819989
        ]
    ],
    "normalized_dipole_anisotropy_matrix_1/r^7": [
        [
            0.0,
            1.864456109608108e-17,
            6.970488319226295e-18
        ],
        [
            1.864456109608108e-17,
            0.0,
            1.1674072776854784e-17
        ],
        [
            6.970488319226295e-18,
            1.1674072776854784e-17,
            0.0
        ]
    ],
    "normalized_quadrupole_anisotropy_matrix_sum_1/r^7": 1.6653345369377348e-16,
    "dipole_moment_normalized_1/r^7": [
        1.9926545461750462e-17,
        1.2819843656693836e-18,
        1.2956057142524168e-17
    ],
    "normalized_quadrupole_anisotropy_matrix_1/r^7": [
        [
            0.0,
            8.326672684688674e-17,
            2.7755575615628914e-17
        ],
        [
            8.326672684688674e-17,
            0.0,
            5.551115123125783e-17
        ],
        [
            2.7755575615628914e-17,
            5.551115123125783e-17,
            0.0
        ]
    ],
    "normalized_dipole_anisotropy_matrix_sum_1/r^7": 3.728912219216216e-17,
    "average_electronegativity": 2.5873856209150325,
    "avg_spectra_anisotropy_matrix": [
        [
            0.0,
            2.897536307672351e-07,
            1.863178085645304e-07
        ],
        [
            2.897536307672351e-07,
            0.0,
            2.676666228532431e-07
        ],
        [
            1.863178085645304e-07,
            2.676666228532431e-07,
            0.0
        ]
    ]
}