{
    "mp-id": "mp-1517268",
    "central_atom": "Cr",
    "band_gap": 0.0,
    "density": 5.641603938322791,
    "formula": "BaCaCrSnO6",
    "space_group_number": 216,
    "space_group_symbol": "F-43m",
    "steinhart_parameter_sum 1/r^7": 3.87374110417253e-05,
    "electronegativity_std": 1.0942184867220377,
    "quadrupole_moment_normalized_1/r^7": [
        [
            -0.12577450302169088,
            -1.3783387448541724e-16,
            -1.1177118321604448e-17
        ],
        [
            -1.3783387448541724e-16,
            -0.12577450302169016,
            -8.701992983617055e-18
        ],
        [
            -1.1177118321604448e-17,
            -8.701992983617055e-18,
            -0.12577450302169174
        ]
    ],
    "normalized_dipole_anisotropy_matrix_1/r^7": [
        [
            0.0,
            3.332242109492188e-17,
            1.0881878532105289e-16
        ],
        [
            3.332242109492188e-17,
            0.0,
            7.549636422613101e-17
        ],
        [
            1.0881878532105289e-16,
            7.549636422613101e-17,
            0.0
        ]
    ],
    "normalized_quadrupole_anisotropy_matrix_sum_1/r^7": 3.3861802251067274e-15,
    "dipole_moment_normalized_1/r^7": [
        5.867856412921617e-17,
        2.5356143034294294e-17,
        -5.0140221191836715e-17
    ],
    "normalized_quadrupole_anisotropy_matrix_1/r^7": [
        [
            0.0,
            9.43689570931383e-16,
            1.6930901125533637e-15
        ],
        [
            9.43689570931383e-16,
            0.0,
            7.494005416219807e-16
        ],
        [
            1.6930901125533637e-15,
            7.494005416219807e-16,
            0.0
        ]
    ],
    "normalized_dipole_anisotropy_matrix_sum_1/r^7": 2.1763757064210577e-16,
    "average_electronegativity": 2.558853046594982,
    "avg_spectra_anisotropy_matrix": [
        [
            0.0,
            4.1395976349464736e-07,
            8.707192421881076e-07
        ],
        [
            4.1395976349464736e-07,
            0.0,
            7.870890945576448e-07
        ],
        [
            8.707192421881076e-07,
            7.870890945576448e-07,
            0.0
        ]
    ]
}