{
    "mp-id": "mp-1031616",
    "central_atom": "Cr",
    "band_gap": 0.26929999999999904,
    "density": 4.073757589721985,
    "formula": "Mg6CrNiO8",
    "space_group_number": 123,
    "space_group_symbol": "P4/mmm",
    "steinhart_parameter_sum 1/r^7": 1.698837598519742e-05,
    "electronegativity_std": 1.019238547952376,
    "quadrupole_moment_normalized_1/r^7": [
        [
            -0.061650668272897405,
            1.0893690734637557e-17,
            -8.477317494357851e-18
        ],
        [
            1.0893690734637557e-17,
            -0.061650668272897405,
            -8.443859692941307e-18
        ],
        [
            -8.477317494357851e-18,
            -8.443859692941307e-18,
            -0.0708661729152009
        ]
    ],
    "normalized_dipole_anisotropy_matrix_1/r^7": [
        [
            0.0,
            6.541317814289741e-18,
            2.242736780048494e-17
        ],
        [
            6.541317814289741e-18,
            0.0,
            1.58860499861952e-17
        ],
        [
            2.242736780048494e-17,
            1.58860499861952e-17,
            0.0
        ]
    ],
    "normalized_quadrupole_anisotropy_matrix_sum_1/r^7": 0.018431009284607003,
    "dipole_moment_normalized_1/r^7": [
        6.36534671949766e-18,
        -1.759710947920809e-19,
        -1.606202108098728e-17
    ],
    "normalized_quadrupole_anisotropy_matrix_1/r^7": [
        [
            0.0,
            1.3877787807814457e-17,
            0.009215504642303501
        ],
        [
            1.3877787807814457e-17,
            0.0,
            0.009215504642303488
        ],
        [
            0.009215504642303501,
            0.009215504642303488,
            0.0
        ]
    ],
    "normalized_dipole_anisotropy_matrix_sum_1/r^7": 4.485473560096988e-17,
    "average_electronegativity": 2.434932249322493,
    "avg_spectra_anisotropy_matrix": [
        [
            0.0,
            1.5081155287499528e-07,
            0.02343787300299339
        ],
        [
            1.5081155287499528e-07,
            0.0,
            0.02343786342151717
        ],
        [
            0.02343787300299339,
            0.02343786342151717,
            0.0
        ]
    ]
}