{
    "mp-id": "mp-1518707",
    "central_atom": "Cr",
    "band_gap": 0.0,
    "density": 7.177592256169315,
    "formula": "SrCrBiSbO6",
    "space_group_number": 216,
    "space_group_symbol": "F-43m",
    "steinhart_parameter_sum 1/r^7": 3.124215767513171e-05,
    "electronegativity_std": 0.9417212663454964,
    "quadrupole_moment_normalized_1/r^7": [
        [
            -0.10581322719339818,
            -1.2422076984663216e-16,
            -7.215323106243669e-17
        ],
        [
            -1.2422076984663216e-16,
            -0.10581322719339824,
            9.575871581343396e-17
        ],
        [
            -7.215323106243669e-17,
            9.575871581343396e-17,
            -0.10581322719339832
        ]
    ],
    "normalized_dipole_anisotropy_matrix_1/r^7": [
        [
            0.0,
            1.6178800454634047e-16,
            1.6828215321337998e-17
        ],
        [
            1.6178800454634047e-16,
            0.0,
            1.4495978922500247e-16
        ],
        [
            1.6828215321337998e-17,
            1.4495978922500247e-16,
            0.0
        ]
    ],
    "normalized_quadrupole_anisotropy_matrix_sum_1/r^7": 6.661338147750939e-16,
    "dipole_moment_normalized_1/r^7": [
        4.1726113531167716e-17,
        -1.2006189101517275e-16,
        2.4897898209829718e-17
    ],
    "normalized_quadrupole_anisotropy_matrix_1/r^7": [
        [
            0.0,
            2.7755575615628914e-16,
            3.3306690738754696e-16
        ],
        [
            2.7755575615628914e-16,
            0.0,
            5.551115123125783e-17
        ],
        [
            3.3306690738754696e-16,
            5.551115123125783e-17,
            0.0
        ]
    ],
    "normalized_dipole_anisotropy_matrix_sum_1/r^7": 3.2357600909268093e-16,
    "average_electronegativity": 2.6965949820788535,
    "avg_spectra_anisotropy_matrix": [
        [
            0.0,
            6.485219753325837e-07,
            3.953358098452414e-06
        ],
        [
            6.485219753325837e-07,
            0.0,
            4.075443102361867e-06
        ],
        [
            3.953358098452414e-06,
            4.075443102361867e-06,
            0.0
        ]
    ]
}