{
    "mp-id": "mp-1521441",
    "central_atom": "Cr",
    "band_gap": 2.027599999999999,
    "density": 6.296919268461345,
    "formula": "SrLaCrSnO6",
    "space_group_number": 216,
    "space_group_symbol": "F-43m",
    "steinhart_parameter_sum 1/r^7": 3.627054355917979e-05,
    "electronegativity_std": 1.0659235341068996,
    "quadrupole_moment_normalized_1/r^7": [
        [
            -0.11741777655931837,
            -3.7797482002802883e-17,
            -4.242039954491713e-17
        ],
        [
            -3.7797482002802883e-17,
            -0.11741777655931858,
            3.0694779942601336e-17
        ],
        [
            -4.242039954491713e-17,
            3.0694779942601336e-17,
            -0.11741777655931848
        ]
    ],
    "normalized_dipole_anisotropy_matrix_1/r^7": [
        [
            0.0,
            5.343366096196001e-21,
            3.212028698265447e-17
        ],
        [
            5.343366096196001e-21,
            0.0,
            3.212563034875066e-17
        ],
        [
            3.212028698265447e-17,
            3.212563034875066e-17,
            0.0
        ]
    ],
    "normalized_quadrupole_anisotropy_matrix_sum_1/r^7": 4.718447854656915e-16,
    "dipole_moment_normalized_1/r^7": [
        2.6593284063935056e-17,
        2.658794069783886e-17,
        5.871357104658952e-17
    ],
    "normalized_quadrupole_anisotropy_matrix_1/r^7": [
        [
            0.0,
            1.3877787807814457e-16,
            2.3592239273284576e-16
        ],
        [
            1.3877787807814457e-16,
            0.0,
            9.71445146547012e-17
        ],
        [
            2.3592239273284576e-16,
            9.71445146547012e-17,
            0.0
        ]
    ],
    "normalized_dipole_anisotropy_matrix_sum_1/r^7": 6.425126069750133e-17,
    "average_electronegativity": 2.5783512544802867,
    "avg_spectra_anisotropy_matrix": [
        [
            0.0,
            2.101636430706627e-06,
            7.368471585072274e-07
        ],
        [
            2.101636430706627e-06,
            0.0,
            2.135837183633047e-06
        ],
        [
            7.368471585072274e-07,
            2.135837183633047e-06,
            0.0
        ]
    ]
}