{
    "mp-id": "mp-1035597",
    "central_atom": "Cr",
    "band_gap": 0.9756,
    "density": 3.7374458648526963,
    "formula": "Mg14CrFeO16",
    "space_group_number": 123,
    "space_group_symbol": "P4/mmm",
    "steinhart_parameter_sum 1/r^7": 1.7752095768994598e-05,
    "electronegativity_std": 1.0475811998374456,
    "quadrupole_moment_normalized_1/r^7": [
        [
            -0.07192942882049096,
            3.001037732121986e-18,
            1.9682928111821804e-18
        ],
        [
            3.001037732121986e-18,
            -0.07192942882049101,
            1.7495465525537574e-18
        ],
        [
            1.9682928111821804e-18,
            1.7495465525537574e-18,
            -0.06276829909287146
        ]
    ],
    "normalized_dipole_anisotropy_matrix_1/r^7": [
        [
            0.0,
            2.205626149046915e-17,
            2.5953142443430966e-17
        ],
        [
            2.205626149046915e-17,
            0.0,
            3.8968809529618155e-18
        ],
        [
            2.5953142443430966e-17,
            3.8968809529618155e-18,
            0.0
        ]
    ],
    "normalized_quadrupole_anisotropy_matrix_sum_1/r^7": 0.018322259455239076,
    "dipole_moment_normalized_1/r^7": [
        1.6150271326179338e-18,
        2.3671288623087084e-17,
        2.75681695760489e-17
    ],
    "normalized_quadrupole_anisotropy_matrix_1/r^7": [
        [
            0.0,
            2.7755575615628914e-17,
            0.00916112972761951
        ],
        [
            2.7755575615628914e-17,
            0.0,
            0.009161129727619538
        ],
        [
            0.00916112972761951,
            0.009161129727619538,
            0.0
        ]
    ],
    "normalized_dipole_anisotropy_matrix_sum_1/r^7": 5.190628488686193e-17,
    "average_electronegativity": 2.399566395663957,
    "avg_spectra_anisotropy_matrix": [
        [
            0.0,
            1.2827135977490296e-07,
            0.009845303651311081
        ],
        [
            1.2827135977490296e-07,
            0.0,
            0.009845284098086595
        ],
        [
            0.009845303651311081,
            0.009845284098086595,
            0.0
        ]
    ]
}