{
    "mp-id": "mp-1024044",
    "central_atom": "Cr",
    "band_gap": 0.0,
    "density": 3.904225964416531,
    "formula": "Mg3CrO4",
    "space_group_number": 221,
    "space_group_symbol": "Pm-3m",
    "steinhart_parameter_sum 1/r^7": 1.5719486651070515e-05,
    "electronegativity_std": 1.0320001534890553,
    "quadrupole_moment_normalized_1/r^7": [
        [
            -0.06243787800061652,
            2.2591427494456258e-18,
            -3.580196509807114e-18
        ],
        [
            2.2591427494456258e-18,
            -0.06243787800061658,
            -3.740073978601363e-18
        ],
        [
            -3.580196509807114e-18,
            -3.740073978601363e-18,
            -0.06243787800061659
        ]
    ],
    "normalized_dipole_anisotropy_matrix_1/r^7": [
        [
            0.0,
            2.9434394917086937e-20,
            1.2499559323513303e-18
        ],
        [
            2.9434394917086937e-20,
            0.0,
            1.2793903272684173e-18
        ],
        [
            1.2499559323513303e-18,
            1.2793903272684173e-18,
            0.0
        ]
    ],
    "normalized_quadrupole_anisotropy_matrix_sum_1/r^7": 1.5265566588595902e-16,
    "dipole_moment_normalized_1/r^7": [
        4.789441921131034e-19,
        4.495097971960165e-19,
        1.7289001244644338e-18
    ],
    "normalized_quadrupole_anisotropy_matrix_1/r^7": [
        [
            0.0,
            7.632783294297951e-17,
            4.85722573273506e-17
        ],
        [
            7.632783294297951e-17,
            0.0,
            2.7755575615628914e-17
        ],
        [
            4.85722573273506e-17,
            2.7755575615628914e-17,
            0.0
        ]
    ],
    "normalized_dipole_anisotropy_matrix_sum_1/r^7": 2.5587806545368345e-18,
    "average_electronegativity": 2.4158265582655827,
    "avg_spectra_anisotropy_matrix": [
        [
            0.0,
            4.70323282449835e-06,
            4.6893260572524625e-06
        ],
        [
            4.70323282449835e-06,
            0.0,
            3.302534169865973e-07
        ],
        [
            4.6893260572524625e-06,
            3.302534169865973e-07,
            0.0
        ]
    ]
}