{
    "mp-id": "mp-1521877",
    "central_atom": "Cr",
    "band_gap": 2.090099999999999,
    "density": 6.451200451485222,
    "formula": "SrNdCrSnO6",
    "space_group_number": 216,
    "space_group_symbol": "F-43m",
    "steinhart_parameter_sum 1/r^7": 3.753722280215268e-05,
    "electronegativity_std": 1.0592221680748546,
    "quadrupole_moment_normalized_1/r^7": [
        [
            -0.12035526522925552,
            5.45904264175924e-17,
            -3.879432074248377e-17
        ],
        [
            5.45904264175924e-17,
            -0.1203552652292555,
            -1.9626600420829393e-17
        ],
        [
            -3.879432074248377e-17,
            -1.9626600420829393e-17,
            -0.12035526522925519
        ]
    ],
    "normalized_dipole_anisotropy_matrix_1/r^7": [
        [
            0.0,
            1.2720936678234135e-16,
            9.397777610227259e-17
        ],
        [
            1.2720936678234135e-16,
            0.0,
            3.323159068006876e-17
        ],
        [
            9.397777610227259e-17,
            3.323159068006876e-17,
            0.0
        ]
    ],
    "normalized_quadrupole_anisotropy_matrix_sum_1/r^7": 7.216449660063518e-16,
    "dipole_moment_normalized_1/r^7": [
        -1.3485722726310043e-16,
        -7.647860480759078e-18,
        -4.087945116082784e-17
    ],
    "normalized_quadrupole_anisotropy_matrix_1/r^7": [
        [
            0.0,
            8.326672684688674e-17,
            3.608224830031759e-16
        ],
        [
            8.326672684688674e-17,
            0.0,
            2.7755575615628914e-16
        ],
        [
            3.608224830031759e-16,
            2.7755575615628914e-16,
            0.0
        ]
    ],
    "normalized_dipole_anisotropy_matrix_sum_1/r^7": 2.544187335646827e-16,
    "average_electronegativity": 2.583225806451613,
    "avg_spectra_anisotropy_matrix": [
        [
            0.0,
            3.168960433241419e-06,
            3.2593675330649504e-06
        ],
        [
            3.168960433241419e-06,
            0.0,
            8.655634531271229e-07
        ],
        [
            3.2593675330649504e-06,
            8.655634531271229e-07,
            0.0
        ]
    ]
}