{
    "mp-id": "mp-1034353",
    "central_atom": "Cr",
    "band_gap": 1.5571000000000002,
    "density": 3.8588237621384582,
    "formula": "Mg14CrSnO16",
    "space_group_number": 123,
    "space_group_symbol": "P4/mmm",
    "steinhart_parameter_sum 1/r^7": 1.3818000781310748e-05,
    "electronegativity_std": 1.0458770234112977,
    "quadrupole_moment_normalized_1/r^7": [
        [
            -0.04884110367757882,
            2.2308730248310135e-18,
            -1.1252409187799753e-17
        ],
        [
            2.2308730248310135e-18,
            -0.04884110367757887,
            -1.1930882578550447e-17
        ],
        [
            -1.1252409187799753e-17,
            -1.1930882578550447e-17,
            -0.06311792522028707
        ]
    ],
    "normalized_dipole_anisotropy_matrix_1/r^7": [
        [
            0.0,
            1.786789532453345e-17,
            6.371863579235598e-17
        ],
        [
            1.786789532453345e-17,
            0.0,
            4.585074046782253e-17
        ],
        [
            6.371863579235598e-17,
            4.585074046782253e-17,
            0.0
        ]
    ],
    "normalized_quadrupole_anisotropy_matrix_sum_1/r^7": 0.02855364308541647,
    "dipole_moment_normalized_1/r^7": [
        -2.1902948527016122e-17,
        -4.035053202482673e-18,
        4.181568726533986e-17
    ],
    "normalized_quadrupole_anisotropy_matrix_1/r^7": [
        [
            0.0,
            0.014276821542708235,
            4.85722573273506e-17
        ],
        [
            0.014276821542708235,
            0.0,
            0.014276821542708186
        ],
        [
            4.85722573273506e-17,
            0.014276821542708186,
            0.0
        ]
    ],
    "normalized_dipole_anisotropy_matrix_sum_1/r^7": 1.2743727158471196e-16,
    "average_electronegativity": 2.403089430894309,
    "avg_spectra_anisotropy_matrix": [
        [
            0.0,
            0.017175534795032168,
            1.0818291153248588e-07
        ],
        [
            0.017175534795032168,
            0.0,
            0.017175532225513903
        ],
        [
            1.0818291153248588e-07,
            0.017175532225513903,
            0.0
        ]
    ]
}