{
    "mp-id": "mp-1517440",
    "central_atom": "Cr",
    "band_gap": 1.921999999999999,
    "density": 6.827068107984673,
    "formula": "BaNdCrSnO6",
    "space_group_number": 216,
    "space_group_symbol": "F-43m",
    "steinhart_parameter_sum 1/r^7": 3.4086600432046956e-05,
    "electronegativity_std": 1.0706169158078538,
    "quadrupole_moment_normalized_1/r^7": [
        [
            -0.1123506166714327,
            -8.922314821109947e-17,
            -3.417461352656868e-18
        ],
        [
            -8.922314821109947e-17,
            -0.11235061667143245,
            4.0738049598195575e-17
        ],
        [
            -3.417461352656868e-18,
            4.0738049598195575e-17,
            -0.1123506166714324
        ]
    ],
    "normalized_dipole_anisotropy_matrix_1/r^7": [
        [
            0.0,
            1.1208330778521975e-16,
            2.0645166862753004e-17
        ],
        [
            1.1208330778521975e-16,
            0.0,
            1.3272847464797276e-16
        ],
        [
            2.0645166862753004e-17,
            1.3272847464797276e-16,
            0.0
        ]
    ],
    "normalized_quadrupole_anisotropy_matrix_sum_1/r^7": 6.106226635438361e-16,
    "dipole_moment_normalized_1/r^7": [
        8.022375166102535e-17,
        -3.1859556124194405e-17,
        1.0086891852377836e-16
    ],
    "normalized_quadrupole_anisotropy_matrix_1/r^7": [
        [
            0.0,
            1.1102230246251565e-16,
            3.0531133177191805e-16
        ],
        [
            1.1102230246251565e-16,
            0.0,
            1.942890293094024e-16
        ],
        [
            3.0531133177191805e-16,
            1.942890293094024e-16,
            0.0
        ]
    ],
    "normalized_dipole_anisotropy_matrix_sum_1/r^7": 2.654569492959455e-16,
    "average_electronegativity": 2.575913978494624,
    "avg_spectra_anisotropy_matrix": [
        [
            0.0,
            3.8078234854794615e-06,
            7.800758621295174e-07
        ],
        [
            3.8078234854794615e-06,
            0.0,
            3.860768139667192e-06
        ],
        [
            7.800758621295174e-07,
            3.860768139667192e-06,
            0.0
        ]
    ]
}