{
    "mp-id": "mp-1039633",
    "central_atom": "Cr",
    "band_gap": 2.6196,
    "density": 3.6388581177306163,
    "formula": "CsMg30CrO32",
    "space_group_number": 123,
    "space_group_symbol": "P4/mmm",
    "steinhart_parameter_sum 1/r^7": 2.181787758780717e-05,
    "electronegativity_std": 1.073107192009109,
    "quadrupole_moment_normalized_1/r^7": [
        [
            -0.08927964827693484,
            2.0255734142402525e-18,
            -9.044617810781419e-18
        ],
        [
            2.0255734142402525e-18,
            -0.08927964827693491,
            -7.773644873426341e-18
        ],
        [
            -9.044617810781419e-18,
            -7.773644873426341e-18,
            -0.0766669346717136
        ]
    ],
    "normalized_dipole_anisotropy_matrix_1/r^7": [
        [
            0.0,
            3.582880545458726e-17,
            6.91458935227695e-17
        ],
        [
            3.582880545458726e-17,
            0.0,
            3.331708806818224e-17
        ],
        [
            6.91458935227695e-17,
            3.331708806818224e-17,
            0.0
        ]
    ],
    "normalized_quadrupole_anisotropy_matrix_sum_1/r^7": 0.025225427210442686,
    "dipole_moment_normalized_1/r^7": [
        -3.559820073469728e-17,
        2.3060471988998327e-19,
        3.3547692788072226e-17
    ],
    "normalized_quadrupole_anisotropy_matrix_1/r^7": [
        [
            0.0,
            0.012612713605221246,
            9.71445146547012e-17
        ],
        [
            0.012612713605221246,
            0.0,
            0.012612713605221343
        ],
        [
            9.71445146547012e-17,
            0.012612713605221343,
            0.0
        ]
    ],
    "normalized_dipole_anisotropy_matrix_sum_1/r^7": 1.38291787045539e-16,
    "average_electronegativity": 2.3722764227642275,
    "avg_spectra_anisotropy_matrix": [
        [
            0.0,
            0.01492398668365429,
            8.632216043902217e-08
        ],
        [
            0.01492398668365429,
            0.0,
            0.01492398711293556
        ],
        [
            8.632216043902217e-08,
            0.01492398711293556,
            0.0
        ]
    ]
}