{
    "mp-id": "mp-1034739",
    "central_atom": "Cr",
    "band_gap": 0.562199999999999,
    "density": 3.7752483353667303,
    "formula": "Mg14CrNiO16",
    "space_group_number": 123,
    "space_group_symbol": "P4/mmm",
    "steinhart_parameter_sum 1/r^7": 1.7697135815510253e-05,
    "electronegativity_std": 1.046482416040054,
    "quadrupole_moment_normalized_1/r^7": [
        [
            -0.0715801110772286,
            1.2074454663110051e-18,
            -2.9720268536785263e-18
        ],
        [
            1.2074454663110051e-18,
            -0.07158011107722864,
            -3.926844743470936e-18
        ],
        [
            -2.9720268536785263e-18,
            -3.926844743470936e-18,
            -0.0629413972184638
        ]
    ],
    "normalized_dipole_anisotropy_matrix_1/r^7": [
        [
            0.0,
            2.304586067065819e-17,
            1.951581380528445e-16
        ],
        [
            2.304586067065819e-17,
            0.0,
            1.7211227738218632e-16
        ],
        [
            1.951581380528445e-16,
            1.7211227738218632e-16,
            0.0
        ]
    ],
    "normalized_quadrupole_anisotropy_matrix_sum_1/r^7": 0.017277427717529686,
    "dipole_moment_normalized_1/r^7": [
        -1.415362938104374e-16,
        -1.184904331397792e-16,
        5.362184424240711e-17
    ],
    "normalized_quadrupole_anisotropy_matrix_1/r^7": [
        [
            0.0,
            0.008638713858764815,
            2.7755575615628914e-17
        ],
        [
            0.008638713858764815,
            0.0,
            0.008638713858764843
        ],
        [
            2.7755575615628914e-17,
            0.008638713858764843,
            0.0
        ]
    ],
    "normalized_dipole_anisotropy_matrix_sum_1/r^7": 3.90316276105689e-16,
    "average_electronegativity": 2.4017344173441733,
    "avg_spectra_anisotropy_matrix": [
        [
            0.0,
            0.011502712555086614,
            1.3095371303045172e-07
        ],
        [
            0.011502712555086614,
            0.0,
            0.011502713561894995
        ],
        [
            1.3095371303045172e-07,
            0.011502713561894995,
            0.0
        ]
    ]
}