{
    "mp-id": "mp-1522297",
    "central_atom": "Cr",
    "band_gap": 2.0549,
    "density": 5.4562510568848595,
    "formula": "KLaNbCrO6",
    "space_group_number": 216,
    "space_group_symbol": "F-43m",
    "steinhart_parameter_sum 1/r^7": 3.328338671440177e-05,
    "electronegativity_std": 1.098790606901845,
    "quadrupole_moment_normalized_1/r^7": [
        [
            -0.1143956295988059,
            4.8213115357714775e-18,
            -2.1095415499844817e-17
        ],
        [
            4.8213115357714775e-18,
            -0.114395629598806,
            3.54434585947801e-17
        ],
        [
            -2.1095415499844817e-17,
            3.54434585947801e-17,
            -0.11439562959880592
        ]
    ],
    "normalized_dipole_anisotropy_matrix_1/r^7": [
        [
            0.0,
            1.692387710481853e-17,
            1.350693906364306e-16
        ],
        [
            1.692387710481853e-17,
            0.0,
            1.5199326774124913e-16
        ],
        [
            1.350693906364306e-16,
            1.5199326774124913e-16,
            0.0
        ]
    ],
    "normalized_quadrupole_anisotropy_matrix_sum_1/r^7": 1.942890293094024e-16,
    "dipole_moment_normalized_1/r^7": [
        -6.924690220172958e-17,
        -8.617077930654811e-17,
        6.582248843470102e-17
    ],
    "normalized_quadrupole_anisotropy_matrix_1/r^7": [
        [
            0.0,
            5.551115123125783e-17,
            4.163336342344337e-17
        ],
        [
            5.551115123125783e-17,
            0.0,
            9.71445146547012e-17
        ],
        [
            4.163336342344337e-17,
            9.71445146547012e-17,
            0.0
        ]
    ],
    "normalized_dipole_anisotropy_matrix_sum_1/r^7": 3.0398653548249826e-16,
    "average_electronegativity": 2.4901360544217686,
    "avg_spectra_anisotropy_matrix": [
        [
            0.0,
            2.577479306494888e-06,
            2.532603680899796e-06
        ],
        [
            2.577479306494888e-06,
            0.0,
            5.546415651068742e-07
        ],
        [
            2.532603680899796e-06,
            5.546415651068742e-07,
            0.0
        ]
    ]
}