{
    "mp-id": "mp-1516991",
    "central_atom": "Cr",
    "band_gap": 0.034399999999999,
    "density": 8.004279852915039,
    "formula": "PrEuHfCrO6",
    "space_group_number": 216,
    "space_group_symbol": "F-43m",
    "steinhart_parameter_sum 1/r^7": 3.7339056829013944e-05,
    "electronegativity_std": 1.0578391337013004,
    "quadrupole_moment_normalized_1/r^7": [
        [
            -0.11998294699527932,
            -8.748855129225623e-17,
            -9.090640673333066e-17
        ],
        [
            -8.748855129225623e-17,
            -0.119982946995279,
            6.845889686298706e-17
        ],
        [
            -9.090640673333066e-17,
            6.845889686298706e-17,
            -0.11998294699527955
        ]
    ],
    "normalized_dipole_anisotropy_matrix_1/r^7": [
        [
            0.0,
            4.107678211513971e-18,
            7.422647529712082e-18
        ],
        [
            4.107678211513971e-18,
            0.0,
            3.314969318198111e-18
        ],
        [
            7.422647529712082e-18,
            3.314969318198111e-18,
            0.0
        ]
    ],
    "normalized_quadrupole_anisotropy_matrix_sum_1/r^7": 1.1934897514720433e-15,
    "dipole_moment_normalized_1/r^7": [
        2.344693883737886e-17,
        2.755461704889283e-17,
        3.086958636709094e-17
    ],
    "normalized_quadrupole_anisotropy_matrix_1/r^7": [
        [
            0.0,
            3.0531133177191805e-16,
            5.967448757360216e-16
        ],
        [
            3.0531133177191805e-16,
            0.0,
            2.914335439641036e-16
        ],
        [
            5.967448757360216e-16,
            2.914335439641036e-16,
            0.0
        ]
    ],
    "normalized_dipole_anisotropy_matrix_sum_1/r^7": 1.4845295059424165e-17,
    "average_electronegativity": 2.5675268817204304,
    "avg_spectra_anisotropy_matrix": [
        [
            0.0,
            3.7838991628383614e-07,
            4.2749629333914426e-06
        ],
        [
            3.7838991628383614e-07,
            0.0,
            4.201667717972566e-06
        ],
        [
            4.2749629333914426e-06,
            4.201667717972566e-06,
            0.0
        ]
    ]
}