{
    "mp-id": "mp-1039737",
    "central_atom": "Cr",
    "band_gap": 3.7638,
    "density": 3.517382051922634,
    "formula": "NaMg30CrO32",
    "space_group_number": 123,
    "space_group_symbol": "P4/mmm",
    "steinhart_parameter_sum 1/r^7": 2.3241475430167626e-05,
    "electronegativity_std": 1.0686831799476275,
    "quadrupole_moment_normalized_1/r^7": [
        [
            -0.08024670569388409,
            5.518419651361767e-18,
            -1.6368911705689354e-18
        ],
        [
            5.518419651361767e-18,
            -0.08024670569388408,
            -1.8287441331220344e-18
        ],
        [
            -1.6368911705689354e-18,
            -1.8287441331220344e-18,
            -0.10282102042876617
        ]
    ],
    "normalized_dipole_anisotropy_matrix_1/r^7": [
        [
            0.0,
            1.1664437777079767e-18,
            5.2507678279412485e-17
        ],
        [
            1.1664437777079767e-18,
            0.0,
            5.367412205712046e-17
        ],
        [
            5.2507678279412485e-17,
            5.367412205712046e-17,
            0.0
        ]
    ],
    "normalized_quadrupole_anisotropy_matrix_sum_1/r^7": 0.04514862946976428,
    "dipole_moment_normalized_1/r^7": [
        -3.445528859105521e-17,
        -3.328884481334723e-17,
        -8.696296687046769e-17
    ],
    "normalized_quadrupole_anisotropy_matrix_1/r^7": [
        [
            0.0,
            4.163336342344337e-17,
            0.022574314734882098
        ],
        [
            4.163336342344337e-17,
            0.0,
            0.02257431473488214
        ],
        [
            0.022574314734882098,
            0.02257431473488214,
            0.0
        ]
    ],
    "normalized_dipole_anisotropy_matrix_sum_1/r^7": 1.0734824411424092e-16,
    "average_electronegativity": 2.375582655826558,
    "avg_spectra_anisotropy_matrix": [
        [
            0.0,
            1.4803868615357487e-07,
            0.02335689796984554
        ],
        [
            1.4803868615357487e-07,
            0.0,
            0.02335689189596725
        ],
        [
            0.02335689796984554,
            0.02335689189596725,
            0.0
        ]
    ]
}