{
    "mp-id": "mp-1222371",
    "central_atom": "Cr",
    "band_gap": 1.4076,
    "density": 5.449680263984546,
    "formula": "LiZn2CrO4",
    "space_group_number": 139,
    "space_group_symbol": "I4/mmm",
    "steinhart_parameter_sum 1/r^7": 2.2737833856321512e-05,
    "electronegativity_std": 0.9990049589926844,
    "quadrupole_moment_normalized_1/r^7": [
        [
            -0.08412071720487584,
            -0.002490355497079901,
            0.004870601891037165
        ],
        [
            -0.002490355497079901,
            -0.0850384985778993,
            0.005850092660989803
        ],
        [
            0.004870601891037165,
            0.005850092660989803,
            -0.09348885411076012
        ]
    ],
    "normalized_dipole_anisotropy_matrix_1/r^7": [
        [
            0.0,
            4.139465895099527e-17,
            2.856977280128731e-17
        ],
        [
            4.139465895099527e-17,
            0.0,
            6.996443175228258e-17
        ],
        [
            2.856977280128731e-17,
            6.996443175228258e-17,
            0.0
        ]
    ],
    "normalized_quadrupole_anisotropy_matrix_sum_1/r^7": 0.03301218337366543,
    "dipole_moment_normalized_1/r^7": [
        -1.4116862857176983e-17,
        2.7277796093818285e-17,
        -4.268663565846429e-17
    ],
    "normalized_quadrupole_anisotropy_matrix_1/r^7": [
        [
            0.0,
            0.016506091667731357,
            0.016506091686832716
        ],
        [
            0.016506091667731357,
            0.0,
            1.9101359383100203e-11
        ],
        [
            0.016506091686832716,
            1.9101359383100203e-11,
            0.0
        ]
    ],
    "normalized_dipole_anisotropy_matrix_sum_1/r^7": 1.3992886350456515e-16,
    "average_electronegativity": 2.490899182561308,
    "avg_spectra_anisotropy_matrix": [
        [
            0.0,
            0.03652696661874037,
            0.036527420053726854
        ],
        [
            0.03652696661874037,
            0.0,
            3.737485515699643e-06
        ],
        [
            0.036527420053726854,
            3.737485515699643e-06,
            0.0
        ]
    ]
}