{
    "mp-id": "mp-1516810",
    "central_atom": "Cr",
    "band_gap": 0.0,
    "density": 6.791459346854328,
    "formula": "KPrCrWO6",
    "space_group_number": 216,
    "space_group_symbol": "F-43m",
    "steinhart_parameter_sum 1/r^7": 3.3686957346422246e-05,
    "electronegativity_std": 1.0487036725622607,
    "quadrupole_moment_normalized_1/r^7": [
        [
            -0.11368102251925018,
            -5.693755471443407e-17,
            3.0222209014798774e-17
        ],
        [
            -5.693755471443407e-17,
            -0.1136810225192496,
            -1.9123410908383445e-17
        ],
        [
            3.0222209014798774e-17,
            -1.9123410908383445e-17,
            -0.11368102251924993
        ]
    ],
    "normalized_dipole_anisotropy_matrix_1/r^7": [
        [
            0.0,
            2.5780294782631885e-17,
            2.129736535558604e-17
        ],
        [
            2.5780294782631885e-17,
            0.0,
            4.707766013821793e-17
        ],
        [
            2.129736535558604e-17,
            4.707766013821793e-17,
            0.0
        ]
    ],
    "normalized_quadrupole_anisotropy_matrix_sum_1/r^7": 1.2212453270876722e-15,
    "dipole_moment_normalized_1/r^7": [
        5.721284042229172e-18,
        3.1501578824861057e-17,
        -1.557608131335687e-17
    ],
    "normalized_quadrupole_anisotropy_matrix_1/r^7": [
        [
            0.0,
            6.106226635438361e-16,
            3.3306690738754696e-16
        ],
        [
            6.106226635438361e-16,
            0.0,
            2.7755575615628914e-16
        ],
        [
            3.3306690738754696e-16,
            2.7755575615628914e-16,
            0.0
        ]
    ],
    "normalized_dipole_anisotropy_matrix_sum_1/r^7": 9.415532027643586e-17,
    "average_electronegativity": 2.581496598639456,
    "avg_spectra_anisotropy_matrix": [
        [
            0.0,
            5.147714014609055e-07,
            6.056112314840917e-07
        ],
        [
            5.147714014609055e-07,
            0.0,
            7.007694949233356e-07
        ],
        [
            6.056112314840917e-07,
            7.007694949233356e-07,
            0.0
        ]
    ]
}