{
    "mp-id": "mp-1178444",
    "central_atom": "Cr",
    "band_gap": 1.4946000000000002,
    "density": 6.177025457095238,
    "formula": "Cr(WO4)3",
    "space_group_number": 1,
    "space_group_symbol": "P1",
    "steinhart_parameter_sum 1/r^7": 0.0001291067212028793,
    "electronegativity_std": 0.5801406168178657,
    "quadrupole_moment_normalized_1/r^7": [
        [
            -0.22289016113852117,
            -0.0001846631252633372,
            0.0018692897253937395
        ],
        [
            -0.0001846631252633372,
            -0.17691042253041553,
            -0.03654626944326835
        ],
        [
            0.0018692897253937395,
            -0.03654626944326835,
            -0.20344402671035028
        ]
    ],
    "normalized_dipole_anisotropy_matrix_1/r^7": [
        [
            0.0,
            0.058440281953491616,
            0.04977597676557713
        ],
        [
            0.058440281953491616,
            0.0,
            0.10821625871906874
        ],
        [
            0.04977597676557713,
            0.10821625871906874,
            0.0
        ]
    ],
    "normalized_quadrupole_anisotropy_matrix_sum_1/r^7": 0.1561893282243617,
    "dipole_moment_normalized_1/r^7": [
        -0.0021198751958247048,
        -0.06056015714931632,
        0.047656101569752425
    ],
    "normalized_quadrupole_anisotropy_matrix_1/r^7": [
        [
            0.0,
            0.006774241548225229,
            0.07132042256395563
        ],
        [
            0.006774241548225229,
            0.0,
            0.07809466411218086
        ],
        [
            0.07132042256395563,
            0.07809466411218086,
            0.0
        ]
    ],
    "normalized_dipole_anisotropy_matrix_sum_1/r^7": 0.2164325174381375,
    "average_electronegativity": 3.1098496240601503,
    "avg_spectra_anisotropy_matrix": [
        [
            0.0,
            0.00574088842920826,
            0.042465577934959656
        ],
        [
            0.00574088842920826,
            0.0,
            0.0445047258131869
        ],
        [
            0.042465577934959656,
            0.0445047258131869,
            0.0
        ]
    ]
}