{
    "mp-id": "mp-1032331",
    "central_atom": "Cr",
    "band_gap": 0.18070000000000003,
    "density": 4.143994598061937,
    "formula": "Mg6CrCuO8",
    "space_group_number": 123,
    "space_group_symbol": "P4/mmm",
    "steinhart_parameter_sum 1/r^7": 1.811019822445298e-05,
    "electronegativity_std": 1.0195764499863627,
    "quadrupole_moment_normalized_1/r^7": [
        [
            -0.07236713953531061,
            7.908640749394995e-18,
            -3.999477818697993e-18
        ],
        [
            7.908640749394995e-18,
            -0.07236713953531061,
            -4.010701005249112e-18
        ],
        [
            -3.999477818697993e-18,
            -4.010701005249112e-18,
            -0.07498747124327848
        ]
    ],
    "normalized_dipole_anisotropy_matrix_1/r^7": [
        [
            0.0,
            3.689093183088495e-18,
            6.361328606954123e-17
        ],
        [
            3.689093183088495e-18,
            0.0,
            5.992419288645273e-17
        ],
        [
            6.361328606954123e-17,
            5.992419288645273e-17,
            0.0
        ]
    ],
    "normalized_quadrupole_anisotropy_matrix_sum_1/r^7": 0.005240663415935737,
    "dipole_moment_normalized_1/r^7": [
        3.943203067264785e-18,
        2.541098841762901e-19,
        -5.967008300227644e-17
    ],
    "normalized_quadrupole_anisotropy_matrix_1/r^7": [
        [
            0.0,
            2.7755575615628914e-17,
            0.0026203317079678684
        ],
        [
            2.7755575615628914e-17,
            0.0,
            0.0026203317079678407
        ],
        [
            0.0026203317079678684,
            0.0026203317079678407,
            0.0
        ]
    ],
    "normalized_dipole_anisotropy_matrix_sum_1/r^7": 1.2722657213908245e-16,
    "average_electronegativity": 2.4342818428184283,
    "avg_spectra_anisotropy_matrix": [
        [
            0.0,
            2.117557620561369e-07,
            0.020795157748107064
        ],
        [
            2.117557620561369e-07,
            0.0,
            0.020795152842911713
        ],
        [
            0.020795157748107064,
            0.020795152842911713,
            0.0
        ]
    ]
}