{
    "mp-id": "mp-1218564",
    "central_atom": "Cr",
    "band_gap": 2.6334,
    "density": 3.13285603551884,
    "formula": "Sr4Al6CrO16",
    "space_group_number": 119,
    "space_group_symbol": "I-4m2",
    "steinhart_parameter_sum 1/r^7": 0.00015701185284337093,
    "electronegativity_std": 1.0200124197077813,
    "quadrupole_moment_normalized_1/r^7": [
        [
            -0.19961090609095355,
            -0.001600979396591989,
            0.0013138696138255176
        ],
        [
            -0.001600979396591989,
            -0.20144882080633647,
            0.002269085076792814
        ],
        [
            0.0013138696138255176,
            0.002269085076792814,
            -0.2005460514882404
        ]
    ],
    "normalized_dipole_anisotropy_matrix_1/r^7": [
        [
            0.0,
            9.917347700752935e-11,
            6.280675578753036e-11
        ],
        [
            9.917347700752935e-11,
            0.0,
            3.6366721219998985e-11
        ],
        [
            6.280675578753036e-11,
            3.6366721219998985e-11,
            0.0
        ]
    ],
    "normalized_quadrupole_anisotropy_matrix_sum_1/r^7": 0.011108216165691798,
    "dipole_moment_normalized_1/r^7": [
        6.280668473590535e-11,
        -3.6366792271623995e-11,
        -7.105162500986307e-17
    ],
    "normalized_quadrupole_anisotropy_matrix_1/r^7": [
        [
            0.0,
            0.005554108082845899,
            0.0055541080398088805
        ],
        [
            0.005554108082845899,
            0.0,
            4.3037018393476956e-11
        ],
        [
            0.0055541080398088805,
            4.3037018393476956e-11,
            0.0
        ]
    ],
    "normalized_dipole_anisotropy_matrix_sum_1/r^7": 1.983469540150587e-10,
    "average_electronegativity": 2.6342180094786727,
    "avg_spectra_anisotropy_matrix": [
        [
            0.0,
            0.0024054304100839924,
            0.002406649590076836
        ],
        [
            0.0024054304100839924,
            0.0,
            2.5634373531852776e-06
        ],
        [
            0.002406649590076836,
            2.5634373531852776e-06,
            0.0
        ]
    ]
}