{
    "mp-id": "mp-1517157",
    "central_atom": "Cr",
    "band_gap": 0.0,
    "density": 5.559697700330967,
    "formula": "CaLaCrSnO6",
    "space_group_number": 216,
    "space_group_symbol": "F-43m",
    "steinhart_parameter_sum 1/r^7": 5.520808364508247e-05,
    "electronegativity_std": 0.9999728725396441,
    "quadrupole_moment_normalized_1/r^7": [
        [
            -0.16150605128058657,
            -1.6740166246470914e-16,
            -2.391364592512022e-17
        ],
        [
            -1.6740166246470914e-16,
            -0.1615060512805863,
            -1.4164931976933665e-17
        ],
        [
            -2.391364592512022e-17,
            -1.4164931976933665e-17,
            -0.16150605128058615
        ]
    ],
    "normalized_dipole_anisotropy_matrix_1/r^7": [
        [
            0.0,
            8.394334735306532e-17,
            5.416966280104383e-17
        ],
        [
            8.394334735306532e-17,
            0.0,
            1.3811301015410915e-16
        ],
        [
            5.416966280104383e-17,
            1.3811301015410915e-16,
            0.0
        ]
    ],
    "normalized_quadrupole_anisotropy_matrix_sum_1/r^7": 9.992007221626409e-16,
    "dipole_moment_normalized_1/r^7": [
        -4.277796963297995e-17,
        4.116537772008537e-17,
        -9.694763243402378e-17
    ],
    "normalized_quadrupole_anisotropy_matrix_1/r^7": [
        [
            0.0,
            4.440892098500626e-16,
            5.551115123125783e-17
        ],
        [
            4.440892098500626e-16,
            0.0,
            4.996003610813204e-16
        ],
        [
            5.551115123125783e-17,
            4.996003610813204e-16,
            0.0
        ]
    ],
    "normalized_dipole_anisotropy_matrix_sum_1/r^7": 2.762260203082183e-16,
    "average_electronegativity": 2.636057347670251,
    "avg_spectra_anisotropy_matrix": [
        [
            0.0,
            3.8678491805809364e-06,
            2.3623312342775556e-06
        ],
        [
            3.8678491805809364e-06,
            0.0,
            2.6374901512956036e-06
        ],
        [
            2.3623312342775556e-06,
            2.6374901512956036e-06,
            0.0
        ]
    ]
}