{
    "mp-id": "mp-1041713",
    "central_atom": "Cr",
    "band_gap": 1.8844999999999992,
    "density": 5.713668791354753,
    "formula": "AlCr(WO4)2",
    "space_group_number": 1,
    "space_group_symbol": "P1",
    "steinhart_parameter_sum 1/r^7": 3.24833864902564e-05,
    "electronegativity_std": 0.7082663926644115,
    "quadrupole_moment_normalized_1/r^7": [
        [
            -0.07592134931626143,
            0.037700273550031096,
            -0.008664842441507795
        ],
        [
            0.037700273550031096,
            -0.06463893327734735,
            -0.022105836044142423
        ],
        [
            -0.008664842441507795,
            -0.022105836044142423,
            -0.06683032123115976
        ]
    ],
    "normalized_dipole_anisotropy_matrix_1/r^7": [
        [
            0.0,
            0.0025588569181261003,
            0.003030128274680957
        ],
        [
            0.0025588569181261003,
            0.0,
            0.005588985192807057
        ],
        [
            0.003030128274680957,
            0.005588985192807057,
            0.0
        ]
    ],
    "normalized_quadrupole_anisotropy_matrix_sum_1/r^7": 0.1781010347116547,
    "dipole_moment_normalized_1/r^7": [
        -0.0021311279224553534,
        0.000427728995670747,
        -0.00516125619713631
    ],
    "normalized_quadrupole_anisotropy_matrix_1/r^7": [
        [
            0.0,
            0.08905051735582735,
            0.05525136159173137
        ],
        [
            0.08905051735582735,
            0.0,
            0.03379915576409598
        ],
        [
            0.05525136159173137,
            0.03379915576409598,
            0.0
        ]
    ],
    "normalized_dipole_anisotropy_matrix_sum_1/r^7": 0.011177970385614114,
    "average_electronegativity": 2.969512670565302,
    "avg_spectra_anisotropy_matrix": [
        [
            0.0,
            0.09647562300262842,
            0.047481052043226384
        ],
        [
            0.09647562300262842,
            0.0,
            0.05336397470033094
        ],
        [
            0.047481052043226384,
            0.05336397470033094,
            0.0
        ]
    ]
}