{
    "mp-id": "mp-1177699",
    "central_atom": "Cr",
    "band_gap": 0.0,
    "density": 4.040893934967265,
    "formula": "Li3Mn3CrO8",
    "space_group_number": 12,
    "space_group_symbol": "C2/m",
    "steinhart_parameter_sum 1/r^7": 2.8067393013904753e-05,
    "electronegativity_std": 1.0753862986657512,
    "quadrupole_moment_normalized_1/r^7": [
        [
            -0.1068677633239426,
            -0.004050604495908151,
            0.011409034097075502
        ],
        [
            -0.004050604495908151,
            -0.10966886388863024,
            -0.008126947990196703
        ],
        [
            0.011409034097075502,
            -0.008126947990196703,
            -0.0887053286911095
        ]
    ],
    "normalized_dipole_anisotropy_matrix_1/r^7": [
        [
            0.0,
            1.2415630269841223e-16,
            6.238508829602249e-17
        ],
        [
            1.2415630269841223e-16,
            0.0,
            6.177121440238974e-17
        ],
        [
            6.238508829602249e-17,
            6.177121440238974e-17,
            0.0
        ]
    ],
    "normalized_quadrupole_anisotropy_matrix_sum_1/r^7": 0.06433059993575754,
    "dipole_moment_normalized_1/r^7": [
        4.292762976684794e-17,
        -8.122867293156429e-17,
        -1.945745852917455e-17
    ],
    "normalized_quadrupole_anisotropy_matrix_1/r^7": [
        [
            0.0,
            0.031909915347590787,
            0.03216529996787877
        ],
        [
            0.031909915347590787,
            0.0,
            0.00025538462028798503
        ],
        [
            0.03216529996787877,
            0.00025538462028798503,
            0.0
        ]
    ],
    "normalized_dipole_anisotropy_matrix_sum_1/r^7": 2.4831260539682446e-16,
    "average_electronegativity": 2.4414444444444445,
    "avg_spectra_anisotropy_matrix": [
        [
            0.0,
            0.03960470619890314,
            0.039011029366172977
        ],
        [
            0.03960470619890314,
            0.0,
            0.005327663355320735
        ],
        [
            0.039011029366172977,
            0.005327663355320735,
            0.0
        ]
    ]
}