{
    "mp-id": "mp-1038570",
    "central_atom": "Cr",
    "band_gap": 0.493799999999999,
    "density": 3.700051196299625,
    "formula": "Mg30CrCdO32",
    "space_group_number": 123,
    "space_group_symbol": "P4/mmm",
    "steinhart_parameter_sum 1/r^7": 1.596885570240288e-05,
    "electronegativity_std": 1.0574521689244816,
    "quadrupole_moment_normalized_1/r^7": [
        [
            -0.06715844483138582,
            -3.1244927841843004e-19,
            -5.603969979034451e-18
        ],
        [
            -3.1244927841843004e-19,
            -0.06715844483138582,
            -6.1888462291135454e-18
        ],
        [
            -5.603969979034451e-18,
            -6.1888462291135454e-18,
            -0.04035015541784995
        ]
    ],
    "normalized_dipole_anisotropy_matrix_1/r^7": [
        [
            0.0,
            1.818473858636576e-18,
            2.7648478887360448e-17
        ],
        [
            1.818473858636576e-18,
            0.0,
            2.5830005028723872e-17
        ],
        [
            2.7648478887360448e-17,
            2.5830005028723872e-17,
            0.0
        ]
    ],
    "normalized_quadrupole_anisotropy_matrix_sum_1/r^7": 0.05361657882707174,
    "dipole_moment_normalized_1/r^7": [
        2.952677444789686e-17,
        2.7708300589260283e-17,
        1.878295560536411e-18
    ],
    "normalized_quadrupole_anisotropy_matrix_1/r^7": [
        [
            0.0,
            0.02680828941353587,
            1.3877787807814457e-17
        ],
        [
            0.02680828941353587,
            0.0,
            0.026808289413535857
        ],
        [
            1.3877787807814457e-17,
            0.026808289413535857,
            0.0
        ]
    ],
    "normalized_dipole_anisotropy_matrix_sum_1/r^7": 5.5296957774720896e-17,
    "average_electronegativity": 2.386910569105691,
    "avg_spectra_anisotropy_matrix": [
        [
            0.0,
            0.032829108987276395,
            9.312269557340856e-08
        ],
        [
            0.032829108987276395,
            0.0,
            0.03282911736989869
        ],
        [
            9.312269557340856e-08,
            0.03282911736989869,
            0.0
        ]
    ]
}