{
    "mp-id": "mp-1037531",
    "central_atom": "Cr",
    "band_gap": 1.615299999999999,
    "density": 3.582537464641699,
    "formula": "Mg30CrFeO32",
    "space_group_number": 123,
    "space_group_symbol": "P4/mmm",
    "steinhart_parameter_sum 1/r^7": 1.550591542791952e-05,
    "electronegativity_std": 1.0560992758643455,
    "quadrupole_moment_normalized_1/r^7": [
        [
            -0.05046188743772548,
            5.1965471314051326e-18,
            3.6696643648608494e-18
        ],
        [
            5.1965471314051326e-18,
            -0.050461887437725506,
            7.528005318722594e-19
        ],
        [
            3.6696643648608494e-18,
            7.528005318722594e-19,
            -0.07147420022979986
        ]
    ],
    "normalized_dipole_anisotropy_matrix_1/r^7": [
        [
            0.0,
            9.396030604773547e-18,
            8.579326730986871e-17
        ],
        [
            9.396030604773547e-18,
            0.0,
            9.518929791464226e-17
        ],
        [
            8.579326730986871e-17,
            9.518929791464226e-17,
            0.0
        ]
    ],
    "normalized_quadrupole_anisotropy_matrix_sum_1/r^7": 0.04202462558414877,
    "dipole_moment_normalized_1/r^7": [
        -3.3548433941901074e-17,
        -2.4152403337127527e-17,
        -1.1934170125176978e-16
    ],
    "normalized_quadrupole_anisotropy_matrix_1/r^7": [
        [
            0.0,
            2.0816681711721685e-17,
            0.021012312792074384
        ],
        [
            2.0816681711721685e-17,
            0.0,
            0.021012312792074363
        ],
        [
            0.021012312792074384,
            0.021012312792074363,
            0.0
        ]
    ],
    "normalized_dipole_anisotropy_matrix_sum_1/r^7": 1.903785958292845e-16,
    "average_electronegativity": 2.3891869918699182,
    "avg_spectra_anisotropy_matrix": [
        [
            0.0,
            1.4254403472744026e-07,
            0.02603602149387923
        ],
        [
            1.4254403472744026e-07,
            0.0,
            0.0260360280593852
        ],
        [
            0.02603602149387923,
            0.0260360280593852,
            0.0
        ]
    ]
}