{
    "mp-id": "mp-1518655",
    "central_atom": "Cr",
    "band_gap": 0.0,
    "density": 6.424877196023573,
    "formula": "SrEuCrInO6",
    "space_group_number": 216,
    "space_group_symbol": "F-43m",
    "steinhart_parameter_sum 1/r^7": 4.7237727299347275e-05,
    "electronegativity_std": 1.0577079672872363,
    "quadrupole_moment_normalized_1/r^7": [
        [
            -0.14564517771039429,
            2.0960860677491367e-17,
            -7.063980414223434e-18
        ],
        [
            2.0960860677491367e-17,
            -0.1456451777103934,
            -4.606165167168885e-18
        ],
        [
            -7.063980414223434e-18,
            -4.606165167168885e-18,
            -0.14564517771039484
        ]
    ],
    "normalized_dipole_anisotropy_matrix_1/r^7": [
        [
            0.0,
            4.1847644740684315e-17,
            3.1806316946050184e-17
        ],
        [
            4.1847644740684315e-17,
            0.0,
            7.36539616867345e-17
        ],
        [
            3.1806316946050184e-17,
            7.36539616867345e-17,
            0.0
        ]
    ],
    "normalized_quadrupole_anisotropy_matrix_sum_1/r^7": 2.9976021664879227e-15,
    "dipole_moment_normalized_1/r^7": [
        -1.0437545474126723e-17,
        3.141009926655759e-17,
        -4.224386242017691e-17
    ],
    "normalized_quadrupole_anisotropy_matrix_1/r^7": [
        [
            0.0,
            9.43689570931383e-16,
            5.551115123125783e-16
        ],
        [
            9.43689570931383e-16,
            0.0,
            1.4988010832439613e-15
        ],
        [
            5.551115123125783e-16,
            1.4988010832439613e-15,
            0.0
        ]
    ],
    "normalized_dipole_anisotropy_matrix_sum_1/r^7": 1.47307923373469e-16,
    "average_electronegativity": 2.578279569892473,
    "avg_spectra_anisotropy_matrix": [
        [
            0.0,
            3.3211023509796654e-07,
            8.314290080871776e-07
        ],
        [
            3.3211023509796654e-07,
            0.0,
            7.082256026065243e-07
        ],
        [
            8.314290080871776e-07,
            7.082256026065243e-07,
            0.0
        ]
    ]
}