{
    "mp-id": "mp-19257",
    "central_atom": "Cr",
    "band_gap": 1.7362000000000002,
    "density": 7.130569291617402,
    "formula": "SmCrO3",
    "space_group_number": 221,
    "space_group_symbol": "Pm-3m",
    "steinhart_parameter_sum 1/r^7": 3.8890928071311826e-05,
    "electronegativity_std": 1.0189868122933017,
    "quadrupole_moment_normalized_1/r^7": [
        [
            -0.1297613566129745,
            1.1718291818370988e-17,
            -6.659584789550123e-18
        ],
        [
            1.1718291818370988e-17,
            -0.12976135661297422,
            -6.410980619530986e-18
        ],
        [
            -6.659584789550123e-18,
            -6.410980619530986e-18,
            -0.1297613566129744
        ]
    ],
    "normalized_dipole_anisotropy_matrix_1/r^7": [
        [
            0.0,
            3.7600321924210426e-19,
            2.7942028743143266e-18
        ],
        [
            3.7600321924210426e-19,
            0.0,
            2.4181996550722224e-18
        ],
        [
            2.7942028743143266e-18,
            2.4181996550722224e-18,
            0.0
        ]
    ],
    "normalized_quadrupole_anisotropy_matrix_sum_1/r^7": 6.106226635438361e-16,
    "dipole_moment_normalized_1/r^7": [
        -5.1970765269971665e-19,
        -1.437044334576124e-19,
        2.27449522161461e-18
    ],
    "normalized_quadrupole_anisotropy_matrix_1/r^7": [
        [
            0.0,
            8.326672684688674e-17,
            3.0531133177191805e-16
        ],
        [
            8.326672684688674e-17,
            0.0,
            2.220446049250313e-16
        ],
        [
            3.0531133177191805e-16,
            2.220446049250313e-16,
            0.0
        ]
    ],
    "normalized_dipole_anisotropy_matrix_sum_1/r^7": 5.588405748628653e-18,
    "average_electronegativity": 2.580718954248366,
    "avg_spectra_anisotropy_matrix": [
        [
            0.0,
            4.130974123132923e-06,
            4.116354283711528e-06
        ],
        [
            4.130974123132923e-06,
            0.0,
            4.3876225857522715e-07
        ],
        [
            4.116354283711528e-06,
            4.3876225857522715e-07,
            0.0
        ]
    ]
}