{
    "mp-id": "mp-2227107",
    "central_atom": "Cr",
    "band_gap": 0.0,
    "density": 4.221664744001397,
    "formula": "MgTiCrO4",
    "space_group_number": 119,
    "space_group_symbol": "I-4m2",
    "steinhart_parameter_sum 1/r^7": 2.7295354668550637e-05,
    "electronegativity_std": 0.962699848454516,
    "quadrupole_moment_normalized_1/r^7": [
        [
            -0.07454479265848338,
            -0.0016454352100657558,
            0.004721982710001496
        ],
        [
            -0.0016454352100657558,
            -0.07905343736321536,
            0.0036236859405630326
        ],
        [
            0.004721982710001496,
            0.0036236859405630326,
            -0.08279970696651398
        ]
    ],
    "normalized_dipole_anisotropy_matrix_1/r^7": [
        [
            0.0,
            5.617335011026763e-06,
            8.212711473374638e-05
        ],
        [
            5.617335011026763e-06,
            0.0,
            8.774444974477314e-05
        ],
        [
            8.212711473374638e-05,
            8.774444974477314e-05,
            0.0
        ]
    ],
    "normalized_quadrupole_anisotropy_matrix_sum_1/r^7": 0.029098083693239934,
    "dipole_moment_normalized_1/r^7": [
        -2.5646562641642015e-05,
        -3.126389765266878e-05,
        5.648055209210436e-05
    ],
    "normalized_quadrupole_anisotropy_matrix_1/r^7": [
        [
            0.0,
            0.014549041846619967,
            0.009902082578576665
        ],
        [
            0.014549041846619967,
            0.0,
            0.004646959268043302
        ],
        [
            0.009902082578576665,
            0.004646959268043302,
            0.0
        ]
    ],
    "normalized_dipole_anisotropy_matrix_sum_1/r^7": 0.00017548889948954628,
    "average_electronegativity": 2.6096449704142013,
    "avg_spectra_anisotropy_matrix": [
        [
            0.0,
            0.05185835064365565,
            0.051278191142323286
        ],
        [
            0.05185835064365565,
            0.0,
            0.003953816911826204
        ],
        [
            0.051278191142323286,
            0.003953816911826204,
            0.0
        ]
    ]
}