{
    "mp-id": "mp-2222885",
    "central_atom": "Cr",
    "band_gap": 0.0,
    "density": 4.536793702972397,
    "formula": "MgCrSbO4",
    "space_group_number": 10,
    "space_group_symbol": "P2/m",
    "steinhart_parameter_sum 1/r^7": 2.0895044755157648e-05,
    "electronegativity_std": 0.8959315273168963,
    "quadrupole_moment_normalized_1/r^7": [
        [
            -0.013854759620164532,
            1.4488498562784807e-17,
            -0.016605771380537072
        ],
        [
            1.4488498562784807e-17,
            -0.07922943899252946,
            2.5900679340260403e-17
        ],
        [
            -0.016605771380537072,
            2.5900679340260403e-17,
            -0.06036621496290149
        ]
    ],
    "normalized_dipole_anisotropy_matrix_1/r^7": [
        [
            0.0,
            1.48674399275627e-17,
            1.0426155017532785e-17
        ],
        [
            1.48674399275627e-17,
            0.0,
            2.5293594945095484e-17
        ],
        [
            1.0426155017532785e-17,
            2.5293594945095484e-17,
            0.0
        ]
    ],
    "normalized_quadrupole_anisotropy_matrix_sum_1/r^7": 0.141389649225459,
    "dipole_moment_normalized_1/r^7": [
        -3.5275640000471e-17,
        -2.04082000729083e-17,
        -4.5701795018003783e-17
    ],
    "normalized_quadrupole_anisotropy_matrix_1/r^7": [
        [
            0.0,
            0.05715174582346609,
            0.0706948246127295
        ],
        [
            0.05715174582346609,
            0.0,
            0.013543078789263405
        ],
        [
            0.0706948246127295,
            0.013543078789263405,
            0.0
        ]
    ],
    "normalized_dipole_anisotropy_matrix_sum_1/r^7": 5.058718989019097e-17,
    "average_electronegativity": 2.6846840148698887,
    "avg_spectra_anisotropy_matrix": [
        [
            0.0,
            0.09055062063692529,
            0.10080031935027808
        ],
        [
            0.09055062063692529,
            0.0,
            0.021939669352784248
        ],
        [
            0.10080031935027808,
            0.021939669352784248,
            0.0
        ]
    ]
}