{
    "mp-id": "mp-2217099",
    "central_atom": "Cr",
    "band_gap": 0.614799999999999,
    "density": 4.406443644242586,
    "formula": "MgCr(CoO3)2",
    "space_group_number": 1,
    "space_group_symbol": "P1",
    "steinhart_parameter_sum 1/r^7": 4.755421281540798e-05,
    "electronegativity_std": 0.8672344479570845,
    "quadrupole_moment_normalized_1/r^7": [
        [
            -0.10531783884739351,
            -0.018344702055403624,
            -0.005337969399434623
        ],
        [
            -0.018344702055403624,
            -0.11761199491003328,
            -0.016518271950139263
        ],
        [
            -0.005337969399434623,
            -0.016518271950139263,
            -0.12807372514799437
        ]
    ],
    "normalized_dipole_anisotropy_matrix_1/r^7": [
        [
            0.0,
            0.008632177483918332,
            0.01630354773321758
        ],
        [
            0.008632177483918332,
            0.0,
            0.007671370249299248
        ],
        [
            0.01630354773321758,
            0.007671370249299248,
            0.0
        ]
    ],
    "normalized_quadrupole_anisotropy_matrix_sum_1/r^7": 0.11018057255186486,
    "dipole_moment_normalized_1/r^7": [
        -0.009187090021430498,
        -0.0005549125375121664,
        0.007116457711787082
    ],
    "normalized_quadrupole_anisotropy_matrix_1/r^7": [
        [
            0.0,
            0.05509028627593243,
            0.03270590303460534
        ],
        [
            0.05509028627593243,
            0.0,
            0.02238438324132709
        ],
        [
            0.03270590303460534,
            0.02238438324132709,
            0.0
        ]
    ],
    "normalized_dipole_anisotropy_matrix_sum_1/r^7": 0.03260709546643516,
    "average_electronegativity": 2.745022624434389,
    "avg_spectra_anisotropy_matrix": [
        [
            0.0,
            0.0386751471858983,
            0.021812374541133446
        ],
        [
            0.0386751471858983,
            0.0,
            0.018504994289597988
        ],
        [
            0.021812374541133446,
            0.018504994289597988,
            0.0
        ]
    ]
}