{
    "mp-id": "mp-20530",
    "central_atom": "Cr",
    "band_gap": 0.0,
    "density": 6.687745320618523,
    "formula": "CeCrO3",
    "space_group_number": 221,
    "space_group_symbol": "Pm-3m",
    "steinhart_parameter_sum 1/r^7": 3.691805151897907e-05,
    "electronegativity_std": 1.0344638865071631,
    "quadrupole_moment_normalized_1/r^7": [
        [
            -0.12501967183550333,
            1.301807531912849e-17,
            -5.06610405752797e-18
        ],
        [
            1.301807531912849e-17,
            -0.12501967183550336,
            -8.981937372684601e-18
        ],
        [
            -5.06610405752797e-18,
            -8.981937372684601e-18,
            -0.12501967183550342
        ]
    ],
    "normalized_dipole_anisotropy_matrix_1/r^7": [
        [
            0.0,
            1.2123675218279407e-17,
            6.8720709453027446e-18
        ],
        [
            1.2123675218279407e-17,
            0.0,
            5.251604272976662e-18
        ],
        [
            6.8720709453027446e-18,
            5.251604272976662e-18,
            0.0
        ]
    ],
    "normalized_quadrupole_anisotropy_matrix_sum_1/r^7": 1.6653345369377348e-16,
    "dipole_moment_normalized_1/r^7": [
        1.3261452224678746e-17,
        1.137777006399339e-18,
        6.389381279376001e-18
    ],
    "normalized_quadrupole_anisotropy_matrix_1/r^7": [
        [
            0.0,
            5.551115123125783e-17,
            8.326672684688674e-17
        ],
        [
            5.551115123125783e-17,
            0.0,
            2.7755575615628914e-17
        ],
        [
            8.326672684688674e-17,
            2.7755575615628914e-17,
            0.0
        ]
    ],
    "normalized_dipole_anisotropy_matrix_sum_1/r^7": 2.4247350436558813e-17,
    "average_electronegativity": 2.569607843137255,
    "avg_spectra_anisotropy_matrix": [
        [
            0.0,
            3.541476751658897e-07,
            5.691034188333285e-07
        ],
        [
            3.541476751658897e-07,
            0.0,
            5.011750859406504e-07
        ],
        [
            5.691034188333285e-07,
            5.011750859406504e-07,
            0.0
        ]
    ]
}