{
    "mp-id": "mp-2224999",
    "central_atom": "Cr",
    "band_gap": 0.7242000000000001,
    "density": 2.782365918659763,
    "formula": "MgV3CrO10",
    "space_group_number": 1,
    "space_group_symbol": "P1",
    "steinhart_parameter_sum 1/r^7": 9.547824751282661e-05,
    "electronegativity_std": 0.8850174175633945,
    "quadrupole_moment_normalized_1/r^7": [
        [
            -0.14479114330583087,
            -0.0038850573033317962,
            0.029585348033291853
        ],
        [
            -0.0038850573033317962,
            -0.08938288096348034,
            0.004463592577192082
        ],
        [
            0.029585348033291853,
            0.004463592577192082,
            -0.15158659625950288
        ]
    ],
    "normalized_dipole_anisotropy_matrix_1/r^7": [
        [
            0.0,
            0.00897335345650951,
            0.022994372534848574
        ],
        [
            0.00897335345650951,
            0.0,
            0.014021019078339062
        ],
        [
            0.022994372534848574,
            0.014021019078339062,
            0.0
        ]
    ],
    "normalized_quadrupole_anisotropy_matrix_sum_1/r^7": 0.1787459014672475,
    "dipole_moment_normalized_1/r^7": [
        0.008578213255444446,
        -0.00039514020106506514,
        -0.014416159279404126
    ],
    "normalized_quadrupole_anisotropy_matrix_1/r^7": [
        [
            0.0,
            0.05995294699910034,
            0.08937295073362377
        ],
        [
            0.05995294699910034,
            0.0,
            0.02942000373452343
        ],
        [
            0.08937295073362377,
            0.02942000373452343,
            0.0
        ]
    ],
    "normalized_dipole_anisotropy_matrix_sum_1/r^7": 0.04598874506969714,
    "average_electronegativity": 2.812521008403361,
    "avg_spectra_anisotropy_matrix": [
        [
            0.0,
            0.04666540318006551,
            0.0644278595541811
        ],
        [
            0.04666540318006551,
            0.0,
            0.026765605602529066
        ],
        [
            0.0644278595541811,
            0.026765605602529066,
            0.0
        ]
    ]
}