{
    "mp-id": "mp-2210640",
    "central_atom": "Cr",
    "band_gap": 0.0,
    "density": 5.704671055056171,
    "formula": "MgCrPbO3",
    "space_group_number": 123,
    "space_group_symbol": "P4/mmm",
    "steinhart_parameter_sum 1/r^7": 4.271413196003327e-05,
    "electronegativity_std": 0.8824307488242525,
    "quadrupole_moment_normalized_1/r^7": [
        [
            -0.11011462092934826,
            5.225769768085406e-18,
            -1.5325459911850333e-17
        ],
        [
            5.225769768085406e-18,
            -0.1101146209293483,
            -1.5182099585527543e-17
        ],
        [
            -1.5325459911850333e-17,
            -1.5182099585527543e-17,
            -0.0085515511965805
        ]
    ],
    "normalized_dipole_anisotropy_matrix_1/r^7": [
        [
            0.0,
            1.40344624332769e-17,
            1.1594078055125524e-18
        ],
        [
            1.40344624332769e-17,
            0.0,
            1.2875054627764348e-17
        ],
        [
            1.1594078055125524e-18,
            1.2875054627764348e-17,
            0.0
        ]
    ],
    "normalized_quadrupole_anisotropy_matrix_sum_1/r^7": 0.20312613946553568,
    "dipole_moment_normalized_1/r^7": [
        1.4141188584630942e-17,
        1.0672615135404184e-19,
        1.298178077911839e-17
    ],
    "normalized_quadrupole_anisotropy_matrix_1/r^7": [
        [
            0.0,
            0.10156306973276777,
            6.938893903907228e-17
        ],
        [
            0.10156306973276777,
            0.0,
            0.10156306973276784
        ],
        [
            6.938893903907228e-17,
            0.10156306973276784,
            0.0
        ]
    ],
    "normalized_dipole_anisotropy_matrix_sum_1/r^7": 2.80689248665538e-17,
    "average_electronegativity": 2.575066079295154,
    "avg_spectra_anisotropy_matrix": [
        [
            0.0,
            0.11486214619887185,
            3.1698881647731977e-07
        ],
        [
            0.11486214619887185,
            0.0,
            0.1148621861864925
        ],
        [
            3.1698881647731977e-07,
            0.1148621861864925,
            0.0
        ]
    ]
}