{
    "mp-id": "mp-2220526",
    "central_atom": "Cr",
    "band_gap": 2.4348,
    "density": 4.4395242828246815,
    "formula": "Sr2MgZrCrO6",
    "space_group_number": 5,
    "space_group_symbol": "C2",
    "steinhart_parameter_sum 1/r^7": 2.8856254059688485e-05,
    "electronegativity_std": 1.1150539981419842,
    "quadrupole_moment_normalized_1/r^7": [
        [
            -0.09007828088807353,
            -0.014287467773962859,
            -0.024142940616227796
        ],
        [
            -0.014287467773962859,
            -0.06715109640789885,
            0.024702868945891885
        ],
        [
            -0.024142940616227796,
            0.024702868945891885,
            -0.01857747247823503
        ]
    ],
    "normalized_dipole_anisotropy_matrix_1/r^7": [
        [
            0.0,
            0.0007991486021411585,
            0.0004883678895859832
        ],
        [
            0.0007991486021411585,
            0.0,
            0.0012875164917271417
        ],
        [
            0.0004883678895859832,
            0.0012875164917271417,
            0.0
        ]
    ],
    "normalized_quadrupole_anisotropy_matrix_sum_1/r^7": 0.1991580229913549,
    "dipole_moment_normalized_1/r^7": [
        -0.00017075435299410463,
        -0.0009699029551352631,
        0.0003176135365918786
    ],
    "normalized_quadrupole_anisotropy_matrix_1/r^7": [
        [
            0.0,
            0.09957901149567745,
            0.07723872563034397
        ],
        [
            0.09957901149567745,
            0.0,
            0.022340285865333487
        ],
        [
            0.07723872563034397,
            0.022340285865333487,
            0.0
        ]
    ],
    "normalized_dipole_anisotropy_matrix_sum_1/r^7": 0.0025750329834542834,
    "average_electronegativity": 2.4247204968944103,
    "avg_spectra_anisotropy_matrix": [
        [
            0.0,
            0.1135014331214605,
            0.10863778118497609
        ],
        [
            0.1135014331214605,
            0.0,
            0.033360191323704644
        ],
        [
            0.10863778118497609,
            0.033360191323704644,
            0.0
        ]
    ]
}