{
    "mp-id": "mp-2225887",
    "central_atom": "Cr",
    "band_gap": 0.0,
    "density": 3.499598889882099,
    "formula": "SrMgCrO3",
    "space_group_number": 123,
    "space_group_symbol": "P4/mmm",
    "steinhart_parameter_sum 1/r^7": 4.332442766950152e-05,
    "electronegativity_std": 1.0988054535146268,
    "quadrupole_moment_normalized_1/r^7": [
        [
            -0.11152167406633233,
            2.0535255014996444e-17,
            -5.974758651695021e-18
        ],
        [
            2.0535255014996444e-17,
            -0.11152167406633233,
            -6.0592501881836375e-18
        ],
        [
            -5.974758651695021e-18,
            -6.0592501881836375e-18,
            -0.006296920981691546
        ]
    ],
    "normalized_dipole_anisotropy_matrix_1/r^7": [
        [
            0.0,
            2.1846700245362516e-18,
            2.183928870707404e-18
        ],
        [
            2.1846700245362516e-18,
            0.0,
            7.411538288475128e-22
        ],
        [
            2.183928870707404e-18,
            7.411538288475128e-22,
            0.0
        ]
    ],
    "normalized_quadrupole_anisotropy_matrix_sum_1/r^7": 0.21044950616928157,
    "dipole_moment_normalized_1/r^7": [
        2.183505354233777e-18,
        -1.164670302474663e-21,
        -4.235164736271502e-22
    ],
    "normalized_quadrupole_anisotropy_matrix_1/r^7": [
        [
            0.0,
            4.163336342344337e-17,
            0.10522475308464078
        ],
        [
            4.163336342344337e-17,
            0.0,
            0.10522475308464074
        ],
        [
            0.10522475308464078,
            0.10522475308464074,
            0.0
        ]
    ],
    "normalized_dipole_anisotropy_matrix_sum_1/r^7": 4.369340049072503e-18,
    "average_electronegativity": 2.307577092511013,
    "avg_spectra_anisotropy_matrix": [
        [
            0.0,
            3.550118411268399e-07,
            0.11609584883456096
        ],
        [
            3.550118411268399e-07,
            0.0,
            0.11609588005922418
        ],
        [
            0.11609584883456096,
            0.11609588005922418,
            0.0
        ]
    ]
}