{
    "mp-id": "mp-2217357",
    "central_atom": "Cr",
    "band_gap": 2.894199999999999,
    "density": 2.712258970137634,
    "formula": "MgCrP2O7",
    "space_group_number": 1,
    "space_group_symbol": "P1",
    "steinhart_parameter_sum 1/r^7": 3.0938054506642554e-05,
    "electronegativity_std": 0.8175733061608271,
    "quadrupole_moment_normalized_1/r^7": [
        [
            -0.0627195343281964,
            -0.005116426587468975,
            -0.012905684167323867
        ],
        [
            -0.005116426587468975,
            -0.051921691400729275,
            0.017645980949944972
        ],
        [
            -0.012905684167323867,
            0.017645980949944972,
            -0.06750001828495975
        ]
    ],
    "normalized_dipole_anisotropy_matrix_1/r^7": [
        [
            0.0,
            0.003835285449848281,
            0.004622676753854695
        ],
        [
            0.003835285449848281,
            0.0,
            0.008457962203702976
        ],
        [
            0.004622676753854695,
            0.008457962203702976,
            0.0
        ]
    ],
    "normalized_quadrupole_anisotropy_matrix_sum_1/r^7": 0.09466494520397319,
    "dipole_moment_normalized_1/r^7": [
        0.00570619172366147,
        0.0018709062738131894,
        0.010328868477516165
    ],
    "normalized_quadrupole_anisotropy_matrix_1/r^7": [
        [
            0.0,
            0.02847649380747396,
            0.04733247260198659
        ],
        [
            0.02847649380747396,
            0.0,
            0.01885597879451263
        ],
        [
            0.04733247260198659,
            0.01885597879451263,
            0.0
        ]
    ],
    "normalized_dipole_anisotropy_matrix_sum_1/r^7": 0.01691592440740595,
    "average_electronegativity": 2.8343461538461536,
    "avg_spectra_anisotropy_matrix": [
        [
            0.0,
            0.031848809446915954,
            0.048926660581056464
        ],
        [
            0.031848809446915954,
            0.0,
            0.027419382281416695
        ],
        [
            0.048926660581056464,
            0.027419382281416695,
            0.0
        ]
    ]
}