{
    "mp-id": "mp-2226857",
    "central_atom": "Cr",
    "band_gap": 2.5216000000000003,
    "density": 5.42848405718984,
    "formula": "Sr2HfMgCrO6",
    "space_group_number": 5,
    "space_group_symbol": "C2",
    "steinhart_parameter_sum 1/r^7": 2.7257606640615383e-05,
    "electronegativity_std": 1.1176213360829796,
    "quadrupole_moment_normalized_1/r^7": [
        [
            -0.09032165605289623,
            -0.01458652020171632,
            -0.023338775115603907
        ],
        [
            -0.01458652020171632,
            -0.06657143160657267,
            0.023769717214022757
        ],
        [
            -0.023338775115603907,
            0.023769717214022757,
            -0.0169071764256725
        ]
    ],
    "normalized_dipole_anisotropy_matrix_1/r^7": [
        [
            0.0,
            0.0004315141137814729,
            0.00010739231142039943
        ],
        [
            0.0004315141137814729,
            0.0,
            0.00032412180236107344
        ],
        [
            0.00010739231142039943,
            0.00032412180236107344,
            0.0
        ]
    ],
    "normalized_quadrupole_anisotropy_matrix_sum_1/r^7": 0.20007909679715846,
    "dipole_moment_normalized_1/r^7": [
        0.0001709576226071524,
        -0.00026055649117432046,
        6.356531118675297e-05
    ],
    "normalized_quadrupole_anisotropy_matrix_1/r^7": [
        [
            0.0,
            0.10003954839857923,
            0.07593518533563248
        ],
        [
            0.10003954839857923,
            0.0,
            0.02410436306294675
        ],
        [
            0.07593518533563248,
            0.02410436306294675,
            0.0
        ]
    ],
    "normalized_dipole_anisotropy_matrix_sum_1/r^7": 0.0008630282275629458,
    "average_electronegativity": 2.4345748987854248,
    "avg_spectra_anisotropy_matrix": [
        [
            0.0,
            0.1121046548623045,
            0.10806013148049977
        ],
        [
            0.1121046548623045,
            0.0,
            0.027335057004568945
        ],
        [
            0.10806013148049977,
            0.027335057004568945,
            0.0
        ]
    ]
}