{
    "mp-id": "mp-2218121",
    "central_atom": "Cr",
    "band_gap": 2.0177,
    "density": 5.750916375904996,
    "formula": "MgCr(WO4)2",
    "space_group_number": 1,
    "space_group_symbol": "P1",
    "steinhart_parameter_sum 1/r^7": 4.11499117462492e-05,
    "electronegativity_std": 0.759101180394369,
    "quadrupole_moment_normalized_1/r^7": [
        [
            -0.09997293409375597,
            -0.0018451339280023927,
            0.014202864208155398
        ],
        [
            -0.0018451339280023927,
            -0.09913168346115417,
            -0.0016189366177670125
        ],
        [
            0.014202864208155398,
            -0.0016189366177670125,
            -0.07694328491569685
        ]
    ],
    "normalized_dipole_anisotropy_matrix_1/r^7": [
        [
            0.0,
            0.0005788702049356561,
            0.0026459629942278077
        ],
        [
            0.0005788702049356561,
            0.0,
            0.003224833199163464
        ],
        [
            0.0026459629942278077,
            0.003224833199163464,
            0.0
        ]
    ],
    "normalized_quadrupole_anisotropy_matrix_sum_1/r^7": 0.0737336300073583,
    "dipole_moment_normalized_1/r^7": [
        0.0023042892846591267,
        0.002883159489594783,
        -0.00034167370956868085
    ],
    "normalized_quadrupole_anisotropy_matrix_1/r^7": [
        [
            0.0,
            0.03686681500367915,
            0.029183648460293157
        ],
        [
            0.03686681500367915,
            0.0,
            0.007683166543385994
        ],
        [
            0.029183648460293157,
            0.007683166543385994,
            0.0
        ]
    ],
    "normalized_dipole_anisotropy_matrix_sum_1/r^7": 0.006449666398326928,
    "average_electronegativity": 2.946470588235294,
    "avg_spectra_anisotropy_matrix": [
        [
            0.0,
            0.035148281243727576,
            0.03391138078095656
        ],
        [
            0.035148281243727576,
            0.0,
            0.011536002413583112
        ],
        [
            0.03391138078095656,
            0.011536002413583112,
            0.0
        ]
    ]
}