{
    "mp-id": "mp-2215811",
    "central_atom": "Cr",
    "band_gap": 1.2762,
    "density": 2.986193618152554,
    "formula": "MgTiV2CrO10",
    "space_group_number": 5,
    "space_group_symbol": "C2",
    "steinhart_parameter_sum 1/r^7": 8.274981290785043e-05,
    "electronegativity_std": 0.8950107476281265,
    "quadrupole_moment_normalized_1/r^7": [
        [
            -0.14497066434992883,
            -0.001928095157489508,
            -0.002011723756814491
        ],
        [
            -0.001928095157489508,
            -0.13241208433884297,
            0.005419287404895107
        ],
        [
            -0.002011723756814491,
            0.005419287404895107,
            -0.1327807178930092
        ]
    ],
    "normalized_dipole_anisotropy_matrix_1/r^7": [
        [
            0.0,
            0.002065634659680221,
            0.0013888172971584548
        ],
        [
            0.002065634659680221,
            0.0,
            0.003454451956838676
        ],
        [
            0.0013888172971584548,
            0.003454451956838676,
            0.0
        ]
    ],
    "normalized_quadrupole_anisotropy_matrix_sum_1/r^7": 0.037298354180134274,
    "dipole_moment_normalized_1/r^7": [
        0.00047162456597843965,
        -0.0015940100937017812,
        0.0018604418631368944
    ],
    "normalized_quadrupole_anisotropy_matrix_1/r^7": [
        [
            0.0,
            0.018649177090067137,
            0.0073803066298827324
        ],
        [
            0.018649177090067137,
            0.0,
            0.011268870460184405
        ],
        [
            0.0073803066298827324,
            0.011268870460184405,
            0.0
        ]
    ],
    "normalized_dipole_anisotropy_matrix_sum_1/r^7": 0.006908903913677352,
    "average_electronegativity": 2.803607843137254,
    "avg_spectra_anisotropy_matrix": [
        [
            0.0,
            0.023269515357574874,
            0.020649666999307075
        ],
        [
            0.023269515357574874,
            0.0,
            0.009867099701694604
        ],
        [
            0.020649666999307075,
            0.009867099701694604,
            0.0
        ]
    ]
}