{
    "mp-id": "mp-2219680",
    "central_atom": "Cr",
    "band_gap": 0.0,
    "density": 4.366928104968317,
    "formula": "MgCrCo3O8",
    "space_group_number": 1,
    "space_group_symbol": "P1",
    "steinhart_parameter_sum 1/r^7": 3.342880856136323e-05,
    "electronegativity_std": 0.8436255411139952,
    "quadrupole_moment_normalized_1/r^7": [
        [
            -0.09692906706717165,
            0.0024597904451914778,
            -0.0038590232815592924
        ],
        [
            0.0024597904451914778,
            -0.1258057699106933,
            0.0016742530684806106
        ],
        [
            -0.0038590232815592924,
            0.0016742530684806106,
            -0.09965666445075343
        ]
    ],
    "normalized_dipole_anisotropy_matrix_1/r^7": [
        [
            0.0,
            0.003027525854463619,
            0.0006937346839171647
        ],
        [
            0.003027525854463619,
            0.0,
            0.0023337911705464546
        ],
        [
            0.0006937346839171647,
            0.0023337911705464546,
            0.0
        ]
    ],
    "normalized_quadrupole_anisotropy_matrix_sum_1/r^7": 0.06400358836042916,
    "dipole_moment_normalized_1/r^7": [
        -7.492964471090268e-05,
        -0.0031024554991745217,
        -0.0007686643286280673
    ],
    "normalized_quadrupole_anisotropy_matrix_1/r^7": [
        [
            0.0,
            0.007895906553995177,
            0.03200179418021458
        ],
        [
            0.007895906553995177,
            0.0,
            0.024105887626219402
        ],
        [
            0.03200179418021458,
            0.024105887626219402,
            0.0
        ]
    ],
    "normalized_dipole_anisotropy_matrix_sum_1/r^7": 0.006055051708927239,
    "average_electronegativity": 2.7883154670750385,
    "avg_spectra_anisotropy_matrix": [
        [
            0.0,
            0.01175412536408778,
            0.04734876551097251
        ],
        [
            0.01175412536408778,
            0.0,
            0.03995475917171652
        ],
        [
            0.04734876551097251,
            0.03995475917171652,
            0.0
        ]
    ]
}