{
    "mp-id": "mp-2223064",
    "central_atom": "Cr",
    "band_gap": 0.5218,
    "density": 5.660623021265765,
    "formula": "MgCrWO6",
    "space_group_number": 1,
    "space_group_symbol": "P1",
    "steinhart_parameter_sum 1/r^7": 5.345054959075043e-05,
    "electronegativity_std": 0.8413966900091637,
    "quadrupole_moment_normalized_1/r^7": [
        [
            -0.1411138066253082,
            -0.0037990295724831015,
            0.005915679336771089
        ],
        [
            -0.0037990295724831015,
            -0.1352990505029629,
            -0.006969527743234051
        ],
        [
            0.005915679336771089,
            -0.006969527743234051,
            -0.11813074491243092
        ]
    ],
    "normalized_dipole_anisotropy_matrix_1/r^7": [
        [
            0.0,
            0.007703050275437174,
            0.004699737104771562
        ],
        [
            0.007703050275437174,
            0.0,
            0.0030033131706656124
        ],
        [
            0.004699737104771562,
            0.0030033131706656124,
            0.0
        ]
    ],
    "normalized_quadrupole_anisotropy_matrix_sum_1/r^7": 0.05869923384180428,
    "dipole_moment_normalized_1/r^7": [
        -0.02133285494946202,
        -0.013629804674024847,
        -0.01663311784469046
    ],
    "normalized_quadrupole_anisotropy_matrix_1/r^7": [
        [
            0.0,
            0.02934961692090214,
            0.023412555287736572
        ],
        [
            0.02934961692090214,
            0.0,
            0.005937061633165569
        ],
        [
            0.023412555287736572,
            0.005937061633165569,
            0.0
        ]
    ],
    "normalized_dipole_anisotropy_matrix_sum_1/r^7": 0.015406100550874349,
    "average_electronegativity": 2.8543064516129033,
    "avg_spectra_anisotropy_matrix": [
        [
            0.0,
            0.024650932664437002,
            0.01891068169395562
        ],
        [
            0.024650932664437002,
            0.0,
            0.01138988878620334
        ],
        [
            0.01891068169395562,
            0.01138988878620334,
            0.0
        ]
    ]
}