{
    "mp-id": "mp-2217803",
    "central_atom": "Cr",
    "band_gap": 1.748899999999999,
    "density": 4.575016583435885,
    "formula": "Sr2YMgCrO6",
    "space_group_number": 71,
    "space_group_symbol": "Immm",
    "steinhart_parameter_sum 1/r^7": 3.7157885822678566e-05,
    "electronegativity_std": 1.1051287572801654,
    "quadrupole_moment_normalized_1/r^7": [
        [
            -0.1071625051169714,
            0.010373076333234399,
            -0.012807372002364014
        ],
        [
            0.010373076333234399,
            -0.10391603714284103,
            -0.019234392805018274
        ],
        [
            -0.012807372002364014,
            -0.019234392805018274,
            -0.0903212870984885
        ]
    ],
    "normalized_dipole_anisotropy_matrix_1/r^7": [
        [
            0.0,
            1.0866728617135268e-16,
            2.7198704392368414e-17
        ],
        [
            1.0866728617135268e-16,
            0.0,
            8.146858177898427e-17
        ],
        [
            2.7198704392368414e-17,
            8.146858177898427e-17,
            0.0
        ]
    ],
    "normalized_quadrupole_anisotropy_matrix_sum_1/r^7": 0.09655199328778238,
    "dipole_moment_normalized_1/r^7": [
        -3.536860186643216e-17,
        7.329868430492052e-17,
        -8.169897474063744e-18
    ],
    "normalized_quadrupole_anisotropy_matrix_1/r^7": [
        [
            0.0,
            0.04454233328144336,
            0.04827599664389119
        ],
        [
            0.04454233328144336,
            0.0,
            0.003733663362447834
        ],
        [
            0.04827599664389119,
            0.003733663362447834,
            0.0
        ]
    ],
    "normalized_dipole_anisotropy_matrix_sum_1/r^7": 2.1733457234270536e-16,
    "average_electronegativity": 2.510739299610895,
    "avg_spectra_anisotropy_matrix": [
        [
            0.0,
            0.06683541067415925,
            0.07354318247449221
        ],
        [
            0.06683541067415925,
            0.0,
            0.011993150639133978
        ],
        [
            0.07354318247449221,
            0.011993150639133978,
            0.0
        ]
    ]
}