{
    "mp-id": "mp-2228023",
    "central_atom": "Cr",
    "band_gap": 0.8121,
    "density": 3.71050816211048,
    "formula": "MgAlCrO4",
    "space_group_number": 1,
    "space_group_symbol": "P1",
    "steinhart_parameter_sum 1/r^7": 3.551777282149857e-05,
    "electronegativity_std": 0.9500604279535998,
    "quadrupole_moment_normalized_1/r^7": [
        [
            -0.09065407875198517,
            -0.004551976260316414,
            -0.010495112878384286
        ],
        [
            -0.004551976260316414,
            -0.07908441311822113,
            -0.00030911074974261237
        ],
        [
            -0.010495112878384286,
            -0.00030911074974261237,
            -0.08650777138927346
        ]
    ],
    "normalized_dipole_anisotropy_matrix_1/r^7": [
        [
            0.0,
            0.0035112021874163755,
            0.006091009027995279
        ],
        [
            0.0035112021874163755,
            0.0,
            0.002579806840578904
        ],
        [
            0.006091009027995279,
            0.002579806840578904,
            0.0
        ]
    ],
    "normalized_quadrupole_anisotropy_matrix_sum_1/r^7": 0.048851387933788626,
    "dipole_moment_normalized_1/r^7": [
        0.002671921773490968,
        -0.0008392804139254074,
        -0.003419087254504311
    ],
    "normalized_quadrupole_anisotropy_matrix_1/r^7": [
        [
            0.0,
            0.024425693966894313,
            0.019177546437039228
        ],
        [
            0.024425693966894313,
            0.0,
            0.005248147529855085
        ],
        [
            0.019177546437039228,
            0.005248147529855085,
            0.0
        ]
    ],
    "normalized_dipole_anisotropy_matrix_sum_1/r^7": 0.012182018055990559,
    "average_electronegativity": 2.621498516320475,
    "avg_spectra_anisotropy_matrix": [
        [
            0.0,
            0.02175943000816415,
            0.02506966968190375
        ],
        [
            0.02175943000816415,
            0.0,
            0.014295899740770423
        ],
        [
            0.02506966968190375,
            0.014295899740770423,
            0.0
        ]
    ]
}