{
    "mp-id": "mp-2225290",
    "central_atom": "Cr",
    "band_gap": 0.9534,
    "density": 2.7239594734223602,
    "formula": "MgCrO3",
    "space_group_number": 6,
    "space_group_symbol": "Pm",
    "steinhart_parameter_sum 1/r^7": 9.267082954719743e-05,
    "electronegativity_std": 0.9649428545461182,
    "quadrupole_moment_normalized_1/r^7": [
        [
            -0.15740901975836827,
            2.89939377845147e-18,
            -0.018156612525566437
        ],
        [
            2.89939377845147e-18,
            -0.09052791372085803,
            -5.936853927305391e-18
        ],
        [
            -0.018156612525566437,
            -5.936853927305391e-18,
            -0.1379330051722057
        ]
    ],
    "normalized_dipole_anisotropy_matrix_1/r^7": [
        [
            0.0,
            0.011487521858819455,
            0.03109313243791852
        ],
        [
            0.011487521858819455,
            0.0,
            0.019605610579099063
        ],
        [
            0.03109313243791852,
            0.019605610579099063,
            0.0
        ]
    ],
    "normalized_quadrupole_anisotropy_matrix_sum_1/r^7": 0.1554925739101673,
    "dipole_moment_normalized_1/r^7": [
        -0.011487521858819457,
        -1.1723994781183585e-18,
        0.019605610579099063
    ],
    "normalized_quadrupole_anisotropy_matrix_1/r^7": [
        [
            0.0,
            0.04120637642130939,
            0.07774628695508365
        ],
        [
            0.04120637642130939,
            0.0,
            0.036539910533774256
        ],
        [
            0.07774628695508365,
            0.036539910533774256,
            0.0
        ]
    ],
    "normalized_dipole_anisotropy_matrix_sum_1/r^7": 0.06218626487583704,
    "average_electronegativity": 2.6504255319148937,
    "avg_spectra_anisotropy_matrix": [
        [
            0.0,
            0.03135317176008742,
            0.048979492994695055
        ],
        [
            0.03135317176008742,
            0.0,
            0.02209357635081804
        ],
        [
            0.048979492994695055,
            0.02209357635081804,
            0.0
        ]
    ]
}