{
    "mp-id": "mp-775207",
    "central_atom": "Cr",
    "band_gap": 2.8295,
    "density": 2.372871680695328,
    "formula": "Li4CrP6(H4O11)2",
    "space_group_number": 2,
    "space_group_symbol": "P-1",
    "steinhart_parameter_sum 1/r^7": 3.94644077682443e-05,
    "electronegativity_std": 0.8373144766884019,
    "quadrupole_moment_normalized_1/r^7": [
        [
            -0.047960952177365734,
            0.013452274499081969,
            0.006445291274344697
        ],
        [
            0.013452274499081969,
            -0.07946664641828824,
            0.002487484185808468
        ],
        [
            0.006445291274344697,
            0.002487484185808468,
            -0.06637145850237208
        ]
    ],
    "normalized_dipole_anisotropy_matrix_1/r^7": [
        [
            0.0,
            6.178549484848485e-18,
            1.0283747603275655e-17
        ],
        [
            6.178549484848485e-18,
            0.0,
            1.646229708812414e-17
        ],
        [
            1.0283747603275655e-17,
            1.646229708812414e-17,
            0.0
        ]
    ],
    "normalized_quadrupole_anisotropy_matrix_sum_1/r^7": 0.08663968583941223,
    "dipole_moment_normalized_1/r^7": [
        -4.0276151944145964e-18,
        2.150934290433889e-18,
        -1.4311362797690252e-17
    ],
    "normalized_quadrupole_anisotropy_matrix_1/r^7": [
        [
            0.0,
            0.043319842919706114,
            0.027150119622186678
        ],
        [
            0.043319842919706114,
            0.0,
            0.016169723297519437
        ],
        [
            0.027150119622186678,
            0.016169723297519437,
            0.0
        ]
    ],
    "normalized_dipole_anisotropy_matrix_sum_1/r^7": 3.292459417624828e-17,
    "average_electronegativity": 2.7312352941176474,
    "avg_spectra_anisotropy_matrix": [
        [
            0.0,
            0.055832414224860606,
            0.018881532836388895
        ],
        [
            0.055832414224860606,
            0.0,
            0.04598145496295712
        ],
        [
            0.018881532836388895,
            0.04598145496295712,
            0.0
        ]
    ]
}