{
    "mp-id": "mp-775006",
    "central_atom": "Cr",
    "band_gap": 0.0,
    "density": 4.092423041751529,
    "formula": "Mn2CrO6",
    "space_group_number": 12,
    "space_group_symbol": "C2/m",
    "steinhart_parameter_sum 1/r^7": 3.886684418500916e-05,
    "electronegativity_std": 0.8742947341514988,
    "quadrupole_moment_normalized_1/r^7": [
        [
            -0.10559264345123938,
            -0.005234344834213158,
            -0.002878512163858781
        ],
        [
            -0.005234344834213158,
            -0.1266702470964105,
            0.0006754769864774831
        ],
        [
            -0.002878512163858781,
            0.0006754769864774831,
            -0.11492467155611896
        ]
    ],
    "normalized_dipole_anisotropy_matrix_1/r^7": [
        [
            0.0,
            2.6425310371966035e-18,
            1.377910846945933e-18
        ],
        [
            2.6425310371966035e-18,
            0.0,
            4.0204418841425366e-18
        ],
        [
            1.377910846945933e-18,
            4.0204418841425366e-18,
            0.0
        ]
    ],
    "normalized_quadrupole_anisotropy_matrix_sum_1/r^7": 0.04861134455489691,
    "dipole_moment_normalized_1/r^7": [
        1.3046424970084361e-17,
        1.5688956007280964e-17,
        1.1668514123138428e-17
    ],
    "normalized_quadrupole_anisotropy_matrix_1/r^7": [
        [
            0.0,
            0.024305672277448453,
            0.012103262259566108
        ],
        [
            0.024305672277448453,
            0.0,
            0.012202410017882345
        ],
        [
            0.012103262259566108,
            0.012202410017882345,
            0.0
        ]
    ],
    "normalized_dipole_anisotropy_matrix_sum_1/r^7": 8.040883768285073e-18,
    "average_electronegativity": 2.8235714285714293,
    "avg_spectra_anisotropy_matrix": [
        [
            0.0,
            0.03240565883983269,
            0.015118079686946203
        ],
        [
            0.03240565883983269,
            0.0,
            0.019456866090734708
        ],
        [
            0.015118079686946203,
            0.019456866090734708,
            0.0
        ]
    ]
}