{
    "mp-id": "mp-752462",
    "central_atom": "Cr",
    "band_gap": 0.0,
    "density": 4.362174680499507,
    "formula": "Cr(CoO3)2",
    "space_group_number": 12,
    "space_group_symbol": "C2/m",
    "steinhart_parameter_sum 1/r^7": 4.0039883689356297e-05,
    "electronegativity_std": 0.7730672193411351,
    "quadrupole_moment_normalized_1/r^7": [
        [
            -0.11892179893711771,
            0.0034603903812789644,
            -0.015787214215111162
        ],
        [
            0.0034603903812789644,
            -0.10483151820200862,
            0.00366785672770706
        ],
        [
            -0.015787214215111162,
            0.00366785672770706,
            -0.13170927918710482
        ]
    ],
    "normalized_dipole_anisotropy_matrix_1/r^7": [
        [
            0.0,
            4.1916431246503917e-17,
            1.0909260258999275e-16
        ],
        [
            4.1916431246503917e-17,
            0.0,
            6.717617134348883e-17
        ],
        [
            1.0909260258999275e-16,
            6.717617134348883e-17,
            0.0
        ]
    ],
    "normalized_quadrupole_anisotropy_matrix_sum_1/r^7": 0.07793945205308644,
    "dipole_moment_normalized_1/r^7": [
        -5.0392266433204073e-17,
        -8.475835186700156e-18,
        5.870033615678867e-17
    ],
    "normalized_quadrupole_anisotropy_matrix_1/r^7": [
        [
            0.0,
            0.03455954412883874,
            0.03896972602654322
        ],
        [
            0.03455954412883874,
            0.0,
            0.004410181897704479
        ],
        [
            0.03896972602654322,
            0.004410181897704479,
            0.0
        ]
    ],
    "normalized_dipole_anisotropy_matrix_sum_1/r^7": 2.181852051799855e-16,
    "average_electronegativity": 2.8912727272727277,
    "avg_spectra_anisotropy_matrix": [
        [
            0.0,
            0.042581429459251204,
            0.013467438439629015
        ],
        [
            0.042581429459251204,
            0.0,
            0.04773719832902094
        ],
        [
            0.013467438439629015,
            0.04773719832902094,
            0.0
        ]
    ]
}