{
    "mp-id": "mp-771079",
    "central_atom": "Cr",
    "band_gap": 0.16389999999999902,
    "density": 4.499671038615962,
    "formula": "Li4CrCo5O12",
    "space_group_number": 12,
    "space_group_symbol": "C2/m",
    "steinhart_parameter_sum 1/r^7": 3.1693028033136064e-05,
    "electronegativity_std": 1.002178535578624,
    "quadrupole_moment_normalized_1/r^7": [
        [
            -0.10995853140615172,
            0.008588715893557971,
            -0.005358217523811368
        ],
        [
            0.008588715893557971,
            -0.11980500955264281,
            0.009247552743976638
        ],
        [
            -0.005358217523811368,
            0.009247552743976638,
            -0.11448668506918949
        ]
    ],
    "normalized_dipole_anisotropy_matrix_1/r^7": [
        [
            0.0,
            2.1756226538683916e-17,
            2.0841212579967558e-17
        ],
        [
            2.1756226538683916e-17,
            0.0,
            4.2597439118651474e-17
        ],
        [
            2.0841212579967558e-17,
            4.2597439118651474e-17,
            0.0
        ]
    ],
    "normalized_quadrupole_anisotropy_matrix_sum_1/r^7": 0.053029437304085325,
    "dipole_moment_normalized_1/r^7": [
        -2.2631105694079202e-17,
        -8.748791553952855e-19,
        -4.347231827404676e-17
    ],
    "normalized_quadrupole_anisotropy_matrix_1/r^7": [
        [
            0.0,
            0.026514718652042663,
            0.023725382776353957
        ],
        [
            0.026514718652042663,
            0.0,
            0.002789335875688706
        ],
        [
            0.023725382776353957,
            0.002789335875688706,
            0.0
        ]
    ],
    "normalized_dipole_anisotropy_matrix_sum_1/r^7": 8.519487823730295e-17,
    "average_electronegativity": 2.588842105263158,
    "avg_spectra_anisotropy_matrix": [
        [
            0.0,
            0.017928377186219577,
            0.030692924438274486
        ],
        [
            0.017928377186219577,
            0.0,
            0.036108946086304446
        ],
        [
            0.030692924438274486,
            0.036108946086304446,
            0.0
        ]
    ]
}