{
    "mp-id": "mp-753633",
    "central_atom": "Cr",
    "band_gap": 0.0,
    "density": 8.362866208274177,
    "formula": "CrIrO4",
    "space_group_number": 65,
    "space_group_symbol": "Cmmm",
    "steinhart_parameter_sum 1/r^7": 3.767820692705484e-05,
    "electronegativity_std": 0.7372484685286406,
    "quadrupole_moment_normalized_1/r^7": [
        [
            -0.12021427628100859,
            0.02179977653575134,
            5.344777897174635e-19
        ],
        [
            0.02179977653575134,
            -0.11998355111767495,
            9.16489648929153e-19
        ],
        [
            5.344777897174635e-19,
            9.16489648929153e-19,
            -0.15478215184487415
        ]
    ],
    "normalized_dipole_anisotropy_matrix_1/r^7": [
        [
            0.0,
            1.275423830795103e-17,
            3.212948170168271e-17
        ],
        [
            1.275423830795103e-17,
            0.0,
            1.937524339373168e-17
        ],
        [
            3.212948170168271e-17,
            1.937524339373168e-17,
            0.0
        ]
    ],
    "normalized_quadrupole_anisotropy_matrix_sum_1/r^7": 0.11296663984736088,
    "dipole_moment_normalized_1/r^7": [
        4.109596072307992e-17,
        2.834172241512889e-17,
        8.96647902139721e-18
    ],
    "normalized_quadrupole_anisotropy_matrix_1/r^7": [
        [
            0.0,
            0.043600163556296145,
            0.012883156367384296
        ],
        [
            0.043600163556296145,
            0.0,
            0.05648331992368044
        ],
        [
            0.012883156367384296,
            0.05648331992368044,
            0.0
        ]
    ],
    "normalized_dipole_anisotropy_matrix_sum_1/r^7": 6.425896340336542e-17,
    "average_electronegativity": 2.9240000000000004,
    "avg_spectra_anisotropy_matrix": [
        [
            0.0,
            0.03304642748265968,
            0.03157415730918208
        ],
        [
            0.03304642748265968,
            0.0,
            0.054402444526628
        ],
        [
            0.03157415730918208,
            0.054402444526628,
            0.0
        ]
    ]
}