{
    "mp-id": "mp-757068",
    "central_atom": "Cr",
    "band_gap": 1.583299999999999,
    "density": 3.6277216407818242,
    "formula": "Li4CrNi3(PO4)4",
    "space_group_number": 6,
    "space_group_symbol": "Pm",
    "steinhart_parameter_sum 1/r^7": 2.393624270419949e-05,
    "electronegativity_std": 0.9393691026750369,
    "quadrupole_moment_normalized_1/r^7": [
        [
            -0.05155071272755614,
            9.516415162402064e-19,
            -0.01885581597247625
        ],
        [
            9.516415162402064e-19,
            -0.07376123386701214,
            7.530784645580772e-19
        ],
        [
            -0.01885581597247625,
            7.530784645580772e-19,
            -0.07091332428945128
        ]
    ],
    "normalized_dipole_anisotropy_matrix_1/r^7": [
        [
            0.0,
            0.005123675252223207,
            0.008471446918145348
        ],
        [
            0.005123675252223207,
            0.0,
            0.0033477716659221406
        ],
        [
            0.008471446918145348,
            0.0033477716659221406,
            0.0
        ]
    ],
    "normalized_quadrupole_anisotropy_matrix_sum_1/r^7": 0.08478391145608694,
    "dipole_moment_normalized_1/r^7": [
        0.005123675252223193,
        -1.4215217940731988e-17,
        -0.003347771665922155
    ],
    "normalized_quadrupole_anisotropy_matrix_1/r^7": [
        [
            0.0,
            0.04239195572804347,
            0.03372519322253016
        ],
        [
            0.04239195572804347,
            0.0,
            0.008666762505513306
        ],
        [
            0.03372519322253016,
            0.008666762505513306,
            0.0
        ]
    ],
    "normalized_dipole_anisotropy_matrix_sum_1/r^7": 0.016942893836290697,
    "average_electronegativity": 2.679395683453238,
    "avg_spectra_anisotropy_matrix": [
        [
            0.0,
            0.03734193672955939,
            0.027133951507741713
        ],
        [
            0.03734193672955939,
            0.0,
            0.01915534298721363
        ],
        [
            0.027133951507741713,
            0.01915534298721363,
            0.0
        ]
    ]
}