{
    "mp-id": "mp-754321",
    "central_atom": "Cr",
    "band_gap": 1.0042,
    "density": 3.938749985475532,
    "formula": "Li4V3CrO8",
    "space_group_number": 10,
    "space_group_symbol": "P2/m",
    "steinhart_parameter_sum 1/r^7": 2.4545950597384137e-05,
    "electronegativity_std": 1.0856816149962518,
    "quadrupole_moment_normalized_1/r^7": [
        [
            -0.0911232591076587,
            1.1728018187683042e-17,
            -0.001673642115671393
        ],
        [
            1.1728018187683042e-17,
            -0.08916064529758214,
            -1.4544614495540405e-17
        ],
        [
            -0.001673642115671393,
            -1.4544614495540405e-17,
            -0.08838477680706315
        ]
    ],
    "normalized_dipole_anisotropy_matrix_1/r^7": [
        [
            0.0,
            9.345494501557987e-17,
            1.2912826698478676e-16
        ],
        [
            9.345494501557987e-17,
            0.0,
            3.567332196920689e-17
        ],
        [
            1.2912826698478676e-16,
            3.567332196920689e-17,
            0.0
        ]
    ],
    "normalized_quadrupole_anisotropy_matrix_sum_1/r^7": 0.008649531093896629,
    "dipole_moment_normalized_1/r^7": [
        -8.339272299779082e-17,
        1.0062222017789054e-17,
        4.5735543986995947e-17
    ],
    "normalized_quadrupole_anisotropy_matrix_1/r^7": [
        [
            0.0,
            0.004324765546948314,
            0.002755755433252932
        ],
        [
            0.004324765546948314,
            0.0,
            0.0015690101136953821
        ],
        [
            0.002755755433252932,
            0.0015690101136953821,
            0.0
        ]
    ],
    "normalized_dipole_anisotropy_matrix_sum_1/r^7": 2.5825653396957353e-16,
    "average_electronegativity": 2.371152815013405,
    "avg_spectra_anisotropy_matrix": [
        [
            0.0,
            0.02012173122006488,
            0.0212386628383671
        ],
        [
            0.02012173122006488,
            0.0,
            0.005582160464089615
        ],
        [
            0.0212386628383671,
            0.005582160464089615,
            0.0
        ]
    ]
}