{
    "mp-id": "mp-754431",
    "central_atom": "Cr",
    "band_gap": 0.0,
    "density": 4.507116385412275,
    "formula": "Li3Cr(NiO3)2",
    "space_group_number": 12,
    "space_group_symbol": "C2/m",
    "steinhart_parameter_sum 1/r^7": 2.743837620880812e-05,
    "electronegativity_std": 1.0510871145147545,
    "quadrupole_moment_normalized_1/r^7": [
        [
            -0.11204013069115693,
            0.0049420513830868255,
            0.0005241378837834954
        ],
        [
            0.0049420513830868255,
            -0.091759426094955,
            -0.00012092475587253038
        ],
        [
            0.0005241378837834954,
            -0.00012092475587253038,
            -0.10904298578474868
        ]
    ],
    "normalized_dipole_anisotropy_matrix_1/r^7": [
        [
            0.0,
            4.3238279100253456e-17,
            5.096279606273905e-18
        ],
        [
            4.3238279100253456e-17,
            0.0,
            3.814199949397955e-17
        ],
        [
            5.096279606273905e-18,
            3.814199949397955e-17,
            0.0
        ]
    ],
    "normalized_quadrupole_anisotropy_matrix_sum_1/r^7": 0.04525974790249224,
    "dipole_moment_normalized_1/r^7": [
        1.3849094566726217e-17,
        -2.938918453352724e-17,
        8.752814960452313e-18
    ],
    "normalized_quadrupole_anisotropy_matrix_1/r^7": [
        [
            0.0,
            0.02262987395124612,
            0.01835495794968145
        ],
        [
            0.02262987395124612,
            0.0,
            0.004274916001564669
        ],
        [
            0.01835495794968145,
            0.004274916001564669,
            0.0
        ]
    ],
    "normalized_dipole_anisotropy_matrix_sum_1/r^7": 8.647655820050691e-17,
    "average_electronegativity": 2.4678358208955227,
    "avg_spectra_anisotropy_matrix": [
        [
            0.0,
            0.02853623696681406,
            0.020786092359963954
        ],
        [
            0.02853623696681406,
            0.0,
            0.015396994301598434
        ],
        [
            0.020786092359963954,
            0.015396994301598434,
            0.0
        ]
    ]
}