{
    "mp-id": "mp-756043",
    "central_atom": "Cr",
    "band_gap": 0.776799999999999,
    "density": 4.068002368748936,
    "formula": "Mn3CrO8",
    "space_group_number": 166,
    "space_group_symbol": "R-3m",
    "steinhart_parameter_sum 1/r^7": 4.104736280190446e-05,
    "electronegativity_std": 0.8713391596854178,
    "quadrupole_moment_normalized_1/r^7": [
        [
            -0.1167665974318208,
            -0.002480848872090652,
            -0.0060857886474413436
        ],
        [
            -0.002480848872090652,
            -0.11501025549724568,
            -0.004301571912506869
        ],
        [
            -0.0060857886474413436,
            -0.004301571912506869,
            -0.12380895362545188
        ]
    ],
    "normalized_dipole_anisotropy_matrix_1/r^7": [
        [
            0.0,
            6.42462843789362e-17,
            6.892222388513516e-17
        ],
        [
            6.42462843789362e-17,
            0.0,
            1.3316850826407137e-16
        ],
        [
            6.892222388513516e-17,
            1.3316850826407137e-16,
            0.0
        ]
    ],
    "normalized_quadrupole_anisotropy_matrix_sum_1/r^7": 0.0316311978760245,
    "dipole_moment_normalized_1/r^7": [
        -4.2505277963523266e-17,
        2.174100641541294e-17,
        -1.1142750184865843e-16
    ],
    "normalized_quadrupole_anisotropy_matrix_1/r^7": [
        [
            0.0,
            0.015815598938012113,
            0.01581559893801225
        ],
        [
            0.015815598938012113,
            0.0,
            1.3877787807814457e-16
        ],
        [
            0.01581559893801225,
            1.3877787807814457e-16,
            0.0
        ]
    ],
    "normalized_dipole_anisotropy_matrix_sum_1/r^7": 2.6633701652814274e-16,
    "average_electronegativity": 2.836262295081968,
    "avg_spectra_anisotropy_matrix": [
        [
            0.0,
            0.04110347250907121,
            0.04110353945548066
        ],
        [
            0.04110347250907121,
            0.0,
            3.5468455089358985e-06
        ],
        [
            0.04110353945548066,
            3.5468455089358985e-06,
            0.0
        ]
    ]
}