{
    "mp-id": "mp-754974",
    "central_atom": "Cr",
    "band_gap": 1.8455,
    "density": 4.983816751770391,
    "formula": "CrSbO4",
    "space_group_number": 10,
    "space_group_symbol": "P2/m",
    "steinhart_parameter_sum 1/r^7": 3.118270428963848e-05,
    "electronegativity_std": 0.7562807658710329,
    "quadrupole_moment_normalized_1/r^7": [
        [
            -0.07888876030901358,
            -2.6838238933752506e-17,
            -0.0018119324846173534
        ],
        [
            -2.6838238933752506e-17,
            -0.10411087218340276,
            -3.730057814000081e-17
        ],
        [
            -0.0018119324846173534,
            -3.730057814000081e-17,
            -0.08424092567850328
        ]
    ],
    "normalized_dipole_anisotropy_matrix_1/r^7": [
        [
            0.0,
            6.0472858478036705e-18,
            4.925565409710721e-17
        ],
        [
            6.0472858478036705e-18,
            0.0,
            4.320836824930354e-17
        ],
        [
            4.925565409710721e-17,
            4.320836824930354e-17,
            0.0
        ]
    ],
    "normalized_quadrupole_anisotropy_matrix_sum_1/r^7": 0.05155565424054198,
    "dipole_moment_normalized_1/r^7": [
        3.997921395657413e-17,
        3.393192810877046e-17,
        -9.27644014053308e-18
    ],
    "normalized_quadrupole_anisotropy_matrix_1/r^7": [
        [
            0.0,
            0.006463595861253335,
            0.02577782712027099
        ],
        [
            0.006463595861253335,
            0.0,
            0.019314231259017656
        ],
        [
            0.02577782712027099,
            0.019314231259017656,
            0.0
        ]
    ],
    "normalized_dipole_anisotropy_matrix_sum_1/r^7": 9.851130819421442e-17,
    "average_electronegativity": 2.909825783972126,
    "avg_spectra_anisotropy_matrix": [
        [
            0.0,
            0.0424823596590545,
            0.040509658125228415
        ],
        [
            0.0424823596590545,
            0.0,
            0.026868566263340537
        ],
        [
            0.040509658125228415,
            0.026868566263340537,
            0.0
        ]
    ]
}