{
    "mp-id": "mp-773510",
    "central_atom": "Cr",
    "band_gap": 1.3891,
    "density": 3.048922600829853,
    "formula": "TiV2CrO10",
    "space_group_number": 115,
    "space_group_symbol": "P-4m2",
    "steinhart_parameter_sum 1/r^7": 0.00013464070000614712,
    "electronegativity_std": 0.8341156090301935,
    "quadrupole_moment_normalized_1/r^7": [
        [
            -0.20204452474264897,
            1.179069862577986e-17,
            9.64347010449021e-19
        ],
        [
            1.179069862577986e-17,
            -0.20204452474264878,
            -1.0064868995749224e-18
        ],
        [
            9.64347010449021e-19,
            -1.0064868995749224e-18,
            -0.21070670098900046
        ]
    ],
    "normalized_dipole_anisotropy_matrix_1/r^7": [
        [
            0.0,
            1.1156482706523203e-18,
            6.800221375551899e-17
        ],
        [
            1.1156482706523203e-18,
            0.0,
            6.688656548486667e-17
        ],
        [
            6.800221375551899e-17,
            6.688656548486667e-17,
            0.0
        ]
    ],
    "normalized_quadrupole_anisotropy_matrix_sum_1/r^7": 0.01732435249270331,
    "dipole_moment_normalized_1/r^7": [
        -3.016496083409377e-19,
        8.139986623113826e-19,
        6.770056414717805e-17
    ],
    "normalized_quadrupole_anisotropy_matrix_1/r^7": [
        [
            0.0,
            1.6653345369377348e-16,
            0.008662176246351488
        ],
        [
            1.6653345369377348e-16,
            0.0,
            0.008662176246351655
        ],
        [
            0.008662176246351488,
            0.008662176246351655,
            0.0
        ]
    ],
    "normalized_dipole_anisotropy_matrix_sum_1/r^7": 1.3600442751103797e-16,
    "average_electronegativity": 2.9012403100775193,
    "avg_spectra_anisotropy_matrix": [
        [
            0.0,
            2.0950393211190966e-07,
            0.03923819174871934
        ],
        [
            2.0950393211190966e-07,
            0.0,
            0.03923818053269477
        ],
        [
            0.03923819174871934,
            0.03923818053269477,
            0.0
        ]
    ]
}