{
    "mp-id": "mp-754200",
    "central_atom": "Cr",
    "band_gap": 0.0,
    "density": 4.224744080500446,
    "formula": "Mn4CrO8",
    "space_group_number": 12,
    "space_group_symbol": "C2/m",
    "steinhart_parameter_sum 1/r^7": 3.2380430178168435e-05,
    "electronegativity_std": 0.908912048054883,
    "quadrupole_moment_normalized_1/r^7": [
        [
            -0.09706817534311053,
            0.0009351494265510839,
            0.012013476425893937
        ],
        [
            0.0009351494265510839,
            -0.09629317138416414,
            -0.008025955670928479
        ],
        [
            0.012013476425893937,
            -0.008025955670928479,
            -0.08788953432819074
        ]
    ],
    "normalized_dipole_anisotropy_matrix_1/r^7": [
        [
            0.0,
            6.913054105060052e-17,
            2.9529527304975435e-17
        ],
        [
            6.913054105060052e-17,
            0.0,
            9.866006835557595e-17
        ],
        [
            2.9529527304975435e-17,
            9.866006835557595e-17,
            0.0
        ]
    ],
    "normalized_quadrupole_anisotropy_matrix_sum_1/r^7": 0.06102671138206742,
    "dipole_moment_normalized_1/r^7": [
        9.553419914285237e-18,
        -5.957712113631528e-17,
        3.908294721926067e-17
    ],
    "normalized_quadrupole_anisotropy_matrix_1/r^7": [
        [
            0.0,
            0.03051335569103371,
            0.018133863345059106
        ],
        [
            0.03051335569103371,
            0.0,
            0.012379492345974602
        ],
        [
            0.018133863345059106,
            0.012379492345974602,
            0.0
        ]
    ],
    "normalized_dipole_anisotropy_matrix_sum_1/r^7": 1.973201367111519e-16,
    "average_electronegativity": 2.722149837133551,
    "avg_spectra_anisotropy_matrix": [
        [
            0.0,
            0.03759253894928191,
            0.039572180408209395
        ],
        [
            0.03759253894928191,
            0.0,
            0.014036371222422973
        ],
        [
            0.039572180408209395,
            0.014036371222422973,
            0.0
        ]
    ]
}