{
    "mp-id": "mp-756950",
    "central_atom": "Cr",
    "band_gap": 0.46729999999999905,
    "density": 4.351045122799205,
    "formula": "CrCo5O12",
    "space_group_number": 12,
    "space_group_symbol": "C2/m",
    "steinhart_parameter_sum 1/r^7": 4.2125095820592896e-05,
    "electronegativity_std": 0.7463656870549006,
    "quadrupole_moment_normalized_1/r^7": [
        [
            -0.12318136200700819,
            -0.0002601485033399784,
            0.00014691192850218289
        ],
        [
            -0.0002601485033399784,
            -0.12288035411313905,
            -0.00025471916328870356
        ],
        [
            0.00014691192850218289,
            -0.00025471916328870356,
            -0.11798038506523949
        ]
    ],
    "normalized_dipole_anisotropy_matrix_1/r^7": [
        [
            0.0,
            3.73153740940482e-06,
            8.81660761015456e-06
        ],
        [
            3.73153740940482e-06,
            0.0,
            5.08507020074974e-06
        ],
        [
            8.81660761015456e-06,
            5.08507020074974e-06,
            0.0
        ]
    ],
    "normalized_quadrupole_anisotropy_matrix_sum_1/r^7": 0.010738309003661045,
    "dipole_moment_normalized_1/r^7": [
        -8.81660761017163e-06,
        -5.085070200766811e-06,
        -1.7070526301256832e-17
    ],
    "normalized_quadrupole_anisotropy_matrix_1/r^7": [
        [
            0.0,
            0.0005829604044608749,
            0.0053691545018305226
        ],
        [
            0.0005829604044608749,
            0.0,
            0.004786194097369648
        ],
        [
            0.0053691545018305226,
            0.004786194097369648,
            0.0
        ]
    ],
    "normalized_dipole_anisotropy_matrix_sum_1/r^7": 1.763321522030912e-05,
    "average_electronegativity": 2.927006369426752,
    "avg_spectra_anisotropy_matrix": [
        [
            0.0,
            0.0003149460723120759,
            0.04661817942515552
        ],
        [
            0.0003149460723120759,
            0.0,
            0.04639682671733878
        ],
        [
            0.04661817942515552,
            0.04639682671733878,
            0.0
        ]
    ]
}