{
    "mp-id": "mp-756806",
    "central_atom": "Cr",
    "band_gap": 2.4584,
    "density": 3.319022298987819,
    "formula": "Li4Mn3Cr(PO4)4",
    "space_group_number": 6,
    "space_group_symbol": "Pm",
    "steinhart_parameter_sum 1/r^7": 2.2663847665170613e-05,
    "electronegativity_std": 0.9761131790037731,
    "quadrupole_moment_normalized_1/r^7": [
        [
            -0.04507570898363017,
            -9.881909879142295e-18,
            -0.01828393724499951
        ],
        [
            -9.881909879142295e-18,
            -0.06837939060655204,
            3.4275188210645263e-18
        ],
        [
            -0.01828393724499951,
            3.4275188210645263e-18,
            -0.06532343016907091
        ]
    ],
    "normalized_dipole_anisotropy_matrix_1/r^7": [
        [
            0.0,
            0.0024057261005385167,
            0.006809671665310168
        ],
        [
            0.0024057261005385167,
            0.0,
            0.004403945564771652
        ],
        [
            0.006809671665310168,
            0.004403945564771652,
            0.0
        ]
    ],
    "normalized_quadrupole_anisotropy_matrix_sum_1/r^7": 0.08359855639709737,
    "dipole_moment_normalized_1/r^7": [
        0.0024057261005385436,
        2.6789852176640604e-17,
        -0.004403945564771625
    ],
    "normalized_quadrupole_anisotropy_matrix_1/r^7": [
        [
            0.0,
            0.04179927819854869,
            0.03407946012947584
        ],
        [
            0.04179927819854869,
            0.0,
            0.007719818069072848
        ],
        [
            0.03407946012947584,
            0.007719818069072848,
            0.0
        ]
    ],
    "normalized_dipole_anisotropy_matrix_sum_1/r^7": 0.013619343330620336,
    "average_electronegativity": 2.6429846153846164,
    "avg_spectra_anisotropy_matrix": [
        [
            0.0,
            0.04261938543964802,
            0.03054614373685461
        ],
        [
            0.04261938543964802,
            0.0,
            0.02059629647096075
        ],
        [
            0.03054614373685461,
            0.02059629647096075,
            0.0
        ]
    ]
}