{
    "mp-id": "mp-771648",
    "central_atom": "Cr",
    "band_gap": 2.7996,
    "density": 5.393561742091892,
    "formula": "RbCrO2",
    "space_group_number": 166,
    "space_group_symbol": "R-3m",
    "steinhart_parameter_sum 1/r^7": 3.186665831636713e-05,
    "electronegativity_std": 1.135909846265528,
    "quadrupole_moment_normalized_1/r^7": [
        [
            -0.10134116001391104,
            0.0011286950990165073,
            0.00755083848666928
        ],
        [
            0.0011286950990165073,
            -0.10254017151238899,
            0.004539245665293664
        ],
        [
            0.00755083848666928,
            0.004539245665293664,
            -0.07285167166418365
        ]
    ],
    "normalized_dipole_anisotropy_matrix_1/r^7": [
        [
            0.0,
            1.32551285943319e-16,
            1.245800971047252e-16
        ],
        [
            1.32551285943319e-16,
            0.0,
            7.971188838593805e-18
        ],
        [
            1.245800971047252e-16,
            7.971188838593805e-18,
            0.0
        ]
    ],
    "normalized_quadrupole_anisotropy_matrix_sum_1/r^7": 0.0658461660595184,
    "dipole_moment_normalized_1/r^7": [
        1.0476389365260885e-16,
        -2.7787392290710153e-17,
        -1.9816203452116348e-17
    ],
    "normalized_quadrupole_anisotropy_matrix_1/r^7": [
        [
            0.0,
            0.032923083029758785,
            0.0329230830297592
        ],
        [
            0.032923083029758785,
            0.0,
            4.163336342344337e-16
        ],
        [
            0.0329230830297592,
            4.163336342344337e-16,
            0.0
        ]
    ],
    "normalized_dipole_anisotropy_matrix_sum_1/r^7": 2.65102571886638e-16,
    "average_electronegativity": 2.355054545454545,
    "avg_spectra_anisotropy_matrix": [
        [
            0.0,
            0.04089283212622126,
            0.04089284860378901
        ],
        [
            0.04089283212622126,
            0.0,
            4.701980801599889e-06
        ],
        [
            0.04089284860378901,
            4.701980801599889e-06,
            0.0
        ]
    ]
}