{
    "mp-id": "mp-755220",
    "central_atom": "Cr",
    "band_gap": 0.0,
    "density": 4.43752124443939,
    "formula": "Li3CrNi3O8",
    "space_group_number": 12,
    "space_group_symbol": "C2/m",
    "steinhart_parameter_sum 1/r^7": 3.14009079690421e-05,
    "electronegativity_std": 1.0152722287977534,
    "quadrupole_moment_normalized_1/r^7": [
        [
            -0.12465243609817364,
            0.00044769571500321496,
            -0.0040250678053855545
        ],
        [
            0.00044769571500321496,
            -0.12431092513546466,
            0.0027727009689632685
        ],
        [
            -0.0040250678053855545,
            0.0027727009689632685,
            -0.1026054212770816
        ]
    ],
    "normalized_dipole_anisotropy_matrix_1/r^7": [
        [
            0.0,
            6.948105387208619e-18,
            3.613003154645457e-17
        ],
        [
            6.948105387208619e-18,
            0.0,
            4.307813693366319e-17
        ],
        [
            3.613003154645457e-17,
            4.307813693366319e-17,
            0.0
        ]
    ],
    "normalized_quadrupole_anisotropy_matrix_sum_1/r^7": 0.048798388788235725,
    "dipole_moment_normalized_1/r^7": [
        2.208712525348473e-17,
        2.903523064069335e-17,
        -1.4042906292969842e-17
    ],
    "normalized_quadrupole_anisotropy_matrix_1/r^7": [
        [
            0.0,
            0.024399194394117862,
            0.022418995347373377
        ],
        [
            0.024399194394117862,
            0.0,
            0.001980199046744485
        ],
        [
            0.022418995347373377,
            0.001980199046744485,
            0.0
        ]
    ],
    "normalized_dipole_anisotropy_matrix_sum_1/r^7": 8.615627386732638e-17,
    "average_electronegativity": 2.5536147757255936,
    "avg_spectra_anisotropy_matrix": [
        [
            0.0,
            0.027468639932975904,
            0.028824278147995153
        ],
        [
            0.027468639932975904,
            0.0,
            0.028533135308523132
        ],
        [
            0.028824278147995153,
            0.028533135308523132,
            0.0
        ]
    ]
}