{
    "mp-id": "mp-756800",
    "central_atom": "Cr",
    "band_gap": 0.0,
    "density": 4.9651881773357935,
    "formula": "Li3Cr(CuO2)4",
    "space_group_number": 12,
    "space_group_symbol": "C2/m",
    "steinhart_parameter_sum 1/r^7": 2.6457584202069195e-05,
    "electronegativity_std": 0.9895948700050722,
    "quadrupole_moment_normalized_1/r^7": [
        [
            -0.10073852977001282,
            0.0031964296560818527,
            0.012736238518201425
        ],
        [
            0.0031964296560818527,
            -0.09720039932374754,
            -0.007507855186047726
        ],
        [
            0.012736238518201425,
            -0.007507855186047726,
            -0.11120857681575483
        ]
    ],
    "normalized_dipole_anisotropy_matrix_1/r^7": [
        [
            0.0,
            9.300887628973208e-17,
            1.5255804533878797e-17
        ],
        [
            9.300887628973208e-17,
            0.0,
            7.775307175585328e-17
        ],
        [
            1.5255804533878797e-17,
            7.775307175585328e-17,
            0.0
        ]
    ],
    "normalized_quadrupole_anisotropy_matrix_sum_1/r^7": 0.06158033634549967,
    "dipole_moment_normalized_1/r^7": [
        -4.370488837507217e-17,
        4.930398791465991e-17,
        -2.844908384119337e-17
    ],
    "normalized_quadrupole_anisotropy_matrix_1/r^7": [
        [
            0.0,
            0.030790168172749835,
            0.026994621716898523
        ],
        [
            0.030790168172749835,
            0.0,
            0.003795546455851312
        ],
        [
            0.026994621716898523,
            0.003795546455851312,
            0.0
        ]
    ],
    "normalized_dipole_anisotropy_matrix_sum_1/r^7": 1.8601775257946415e-16,
    "average_electronegativity": 2.5363395225464194,
    "avg_spectra_anisotropy_matrix": [
        [
            0.0,
            0.02778091263109412,
            0.025524967604985672
        ],
        [
            0.02778091263109412,
            0.0,
            0.03301279175301102
        ],
        [
            0.025524967604985672,
            0.03301279175301102,
            0.0
        ]
    ]
}