{
    "mp-id": "mp-756692",
    "central_atom": "Cr",
    "band_gap": 1.717299999999999,
    "density": 4.116062942105646,
    "formula": "Li3Cr(FeO3)2",
    "space_group_number": 12,
    "space_group_symbol": "C2/m",
    "steinhart_parameter_sum 1/r^7": 2.4163722433700006e-05,
    "electronegativity_std": 1.0607903213904035,
    "quadrupole_moment_normalized_1/r^7": [
        [
            -0.08778480053190028,
            -0.0002037157392780191,
            0.0012996976297895695
        ],
        [
            -0.0002037157392780191,
            -0.08860223692727301,
            -0.0003059526342182043
        ],
        [
            0.0012996976297895695,
            -0.0003059526342182043,
            -0.08774811438400663
        ]
    ],
    "normalized_dipole_anisotropy_matrix_1/r^7": [
        [
            0.0,
            9.759090101790421e-18,
            1.4152014724488036e-17
        ],
        [
            9.759090101790421e-18,
            0.0,
            4.392924622697615e-18
        ],
        [
            1.4152014724488036e-17,
            4.392924622697615e-18,
            0.0
        ]
    ],
    "normalized_quadrupole_anisotropy_matrix_sum_1/r^7": 0.005340940279186246,
    "dipole_moment_normalized_1/r^7": [
        -1.7126582677008326e-17,
        -2.6885672778798747e-17,
        -3.127859740149636e-17
    ],
    "normalized_quadrupole_anisotropy_matrix_1/r^7": [
        [
            0.0,
            0.002670470139593123,
            0.002242947462938419
        ],
        [
            0.002670470139593123,
            0.0,
            0.0004275226766547041
        ],
        [
            0.002242947462938419,
            0.0004275226766547041,
            0.0
        ]
    ],
    "normalized_dipole_anisotropy_matrix_sum_1/r^7": 2.830402944897607e-17,
    "average_electronegativity": 2.4053066666666667,
    "avg_spectra_anisotropy_matrix": [
        [
            0.0,
            0.02580196479239294,
            0.00889714108977491
        ],
        [
            0.02580196479239294,
            0.0,
            0.03309535129968737
        ],
        [
            0.00889714108977491,
            0.03309535129968737,
            0.0
        ]
    ]
}