{
    "mp-id": "mp-798760",
    "central_atom": "Cr",
    "band_gap": 1.7608000000000001,
    "density": 2.266315620069391,
    "formula": "CrH10S2(NO2)4",
    "space_group_number": 2,
    "space_group_symbol": "P-1",
    "steinhart_parameter_sum 1/r^7": 5.458154205679242e-05,
    "electronegativity_std": 0.5873059612893916,
    "quadrupole_moment_normalized_1/r^7": [
        [
            0.017476033034248946,
            0.03832659451971967,
            -0.06878192795242007
        ],
        [
            0.03832659451971967,
            -0.0441211125968598,
            0.012821497868966353
        ],
        [
            -0.06878192795242007,
            0.012821497868966353,
            -0.035479001963554926
        ]
    ],
    "normalized_dipole_anisotropy_matrix_1/r^7": [
        [
            0.0,
            2.962431558572911e-19,
            2.0434458094273182e-17
        ],
        [
            2.962431558572911e-19,
            0.0,
            2.013821493841589e-17
        ],
        [
            2.0434458094273182e-17,
            2.013821493841589e-17,
            0.0
        ]
    ],
    "normalized_quadrupole_anisotropy_matrix_sum_1/r^7": 0.3442213591617549,
    "dipole_moment_normalized_1/r^7": [
        -6.855037642129053e-18,
        -6.5587944862717615e-18,
        1.357942045214413e-17
    ],
    "normalized_quadrupole_anisotropy_matrix_1/r^7": [
        [
            0.0,
            0.17211067958087745,
            0.1006436009383389
        ],
        [
            0.17211067958087745,
            0.0,
            0.07146707864253854
        ],
        [
            0.1006436009383389,
            0.07146707864253854,
            0.0
        ]
    ],
    "normalized_dipole_anisotropy_matrix_sum_1/r^7": 4.0868916188546364e-17,
    "average_electronegativity": 2.754005037783376,
    "avg_spectra_anisotropy_matrix": [
        [
            0.0,
            0.0688018782582377,
            0.06883701341241645
        ],
        [
            0.0688018782582377,
            0.0,
            0.052874474388511866
        ],
        [
            0.06883701341241645,
            0.052874474388511866,
            0.0
        ]
    ]
}