{
    "mp-id": "mp-778824",
    "central_atom": "Cr",
    "band_gap": 1.7875,
    "density": 6.430053703075797,
    "formula": "Li4Cr(WO4)3",
    "space_group_number": 1,
    "space_group_symbol": "P1",
    "steinhart_parameter_sum 1/r^7": 3.190085693466108e-05,
    "electronegativity_std": 1.007015768013661,
    "quadrupole_moment_normalized_1/r^7": [
        [
            -0.10610864724404503,
            0.0007032465582553077,
            0.0005210335368817799
        ],
        [
            0.0007032465582553077,
            -0.10685747720662411,
            -0.0007078215362737426
        ],
        [
            0.0005210335368817799,
            -0.0007078215362737426,
            -0.10170000938317511
        ]
    ],
    "normalized_dipole_anisotropy_matrix_1/r^7": [
        [
            0.0,
            0.002216626231714007,
            0.002942400868228548
        ],
        [
            0.002216626231714007,
            0.0,
            0.0007257746365145408
        ],
        [
            0.002942400868228548,
            0.0007257746365145408,
            0.0
        ]
    ],
    "normalized_quadrupole_anisotropy_matrix_sum_1/r^7": 0.01169895905848678,
    "dipole_moment_normalized_1/r^7": [
        -0.001533050895161629,
        0.0006835753365523782,
        0.001409349973066919
    ],
    "normalized_quadrupole_anisotropy_matrix_1/r^7": [
        [
            0.0,
            0.0017260007856719495,
            0.00584947952924339
        ],
        [
            0.0017260007856719495,
            0.0,
            0.00412347874357144
        ],
        [
            0.00584947952924339,
            0.00412347874357144,
            0.0
        ]
    ],
    "normalized_dipole_anisotropy_matrix_sum_1/r^7": 0.005884801736457096,
    "average_electronegativity": 2.67260029717682,
    "avg_spectra_anisotropy_matrix": [
        [
            0.0,
            0.003361425495723262,
            0.005609043831291169
        ],
        [
            0.003361425495723262,
            0.0,
            0.004519975088279206
        ],
        [
            0.005609043831291169,
            0.004519975088279206,
            0.0
        ]
    ]
}