{
    "mp-id": "mp-754778",
    "central_atom": "Cr",
    "band_gap": 0.0,
    "density": 4.411919810337451,
    "formula": "Li2CrCuO4",
    "space_group_number": 10,
    "space_group_symbol": "P2/m",
    "steinhart_parameter_sum 1/r^7": 2.4931755345012065e-05,
    "electronegativity_std": 1.0598992449992808,
    "quadrupole_moment_normalized_1/r^7": [
        [
            -0.1135616392780764,
            3.7383799127068545e-18,
            0.008061851679498291
        ],
        [
            3.7383799127068545e-18,
            -0.08614963174605536,
            -1.3907433960968357e-17
        ],
        [
            0.008061851679498291,
            -1.3907433960968357e-17,
            -0.10017536103855401
        ]
    ],
    "normalized_dipole_anisotropy_matrix_1/r^7": [
        [
            0.0,
            3.383091942981038e-17,
            1.2254740331977209e-17
        ],
        [
            3.383091942981038e-17,
            0.0,
            2.1576179097833174e-17
        ],
        [
            1.2254740331977209e-17,
            2.1576179097833174e-17,
            0.0
        ]
    ],
    "normalized_quadrupole_anisotropy_matrix_sum_1/r^7": 0.06239403075056557,
    "dipole_moment_normalized_1/r^7": [
        -2.7787127592914136e-17,
        6.0437918368962465e-18,
        -1.5532387260936927e-17
    ],
    "normalized_quadrupole_anisotropy_matrix_1/r^7": [
        [
            0.0,
            0.020956293926045894,
            0.031197015375282786
        ],
        [
            0.020956293926045894,
            0.0,
            0.010240721449236892
        ],
        [
            0.031197015375282786,
            0.010240721449236892,
            0.0
        ]
    ],
    "normalized_dipole_anisotropy_matrix_sum_1/r^7": 6.766183885962077e-17,
    "average_electronegativity": 2.458787878787879,
    "avg_spectra_anisotropy_matrix": [
        [
            0.0,
            0.024781948742281214,
            0.03210115689632709
        ],
        [
            0.024781948742281214,
            0.0,
            0.034654276194023205
        ],
        [
            0.03210115689632709,
            0.034654276194023205,
            0.0
        ]
    ]
}