{
    "mp-id": "mp-756352",
    "central_atom": "Cr",
    "band_gap": 0.0,
    "density": 5.03617636945641,
    "formula": "Li3Cr(NiO2)4",
    "space_group_number": 12,
    "space_group_symbol": "C2/m",
    "steinhart_parameter_sum 1/r^7": 3.0390632222521946e-05,
    "electronegativity_std": 0.9905790974522862,
    "quadrupole_moment_normalized_1/r^7": [
        [
            -0.1276842018326926,
            0.014423290315672367,
            -0.0003384785802428016
        ],
        [
            0.014423290315672367,
            -0.11760801040652029,
            0.00024030222092515986
        ],
        [
            -0.0003384785802428016,
            0.00024030222092515986,
            -0.1088941884829561
        ]
    ],
    "normalized_dipole_anisotropy_matrix_1/r^7": [
        [
            0.0,
            1.143004787870674e-16,
            5.670917345603063e-17
        ],
        [
            1.143004787870674e-16,
            0.0,
            5.759130533103678e-17
        ],
        [
            5.670917345603063e-17,
            5.759130533103678e-17,
            0.0
        ]
    ],
    "normalized_quadrupole_anisotropy_matrix_sum_1/r^7": 0.06112340141359282,
    "dipole_moment_normalized_1/r^7": [
        1.0635859199449268e-16,
        -7.941886792574727e-18,
        4.964941853846205e-17
    ],
    "normalized_quadrupole_anisotropy_matrix_1/r^7": [
        [
            0.0,
            0.03056170070679641,
            0.029041669757398636
        ],
        [
            0.03056170070679641,
            0.0,
            0.0015200309493977743
        ],
        [
            0.029041669757398636,
            0.0015200309493977743,
            0.0
        ]
    ],
    "normalized_dipole_anisotropy_matrix_sum_1/r^7": 2.286009575741348e-16,
    "average_electronegativity": 2.5360804020100507,
    "avg_spectra_anisotropy_matrix": [
        [
            0.0,
            0.02939173129153331,
            0.028961936592560363
        ],
        [
            0.02939173129153331,
            0.0,
            0.0033292882014224687
        ],
        [
            0.028961936592560363,
            0.0033292882014224687,
            0.0
        ]
    ]
}