{
    "mp-id": "mp-753658",
    "central_atom": "Cr",
    "band_gap": 0.0,
    "density": 4.099564997157099,
    "formula": "AlCrO4",
    "space_group_number": 65,
    "space_group_symbol": "Cmmm",
    "steinhart_parameter_sum 1/r^7": 3.758832649234786e-05,
    "electronegativity_std": 0.8458767567409083,
    "quadrupole_moment_normalized_1/r^7": [
        [
            -0.14445601698601776,
            -0.015551766730383462,
            -1.566375677710015e-17
        ],
        [
            -0.015551766730383462,
            -0.14519478707373534,
            -9.973812953919386e-18
        ],
        [
            -1.566375677710015e-17,
            -9.973812953919386e-18,
            -0.13344870278902238
        ]
    ],
    "normalized_dipole_anisotropy_matrix_1/r^7": [
        [
            0.0,
            6.904271432188209e-18,
            1.3360795954501874e-16
        ],
        [
            6.904271432188209e-18,
            0.0,
            1.2670368811283053e-16
        ],
        [
            1.3360795954501874e-16,
            1.2670368811283053e-16,
            0.0
        ]
    ],
    "normalized_quadrupole_anisotropy_matrix_sum_1/r^7": 0.06222461168983068,
    "dipole_moment_normalized_1/r^7": [
        8.451647102100126e-17,
        7.761219958881305e-17,
        -4.9091488524017485e-17
    ],
    "normalized_quadrupole_anisotropy_matrix_1/r^7": [
        [
            0.0,
            0.03111230584491534,
            0.0041794536816034955
        ],
        [
            0.03111230584491534,
            0.0,
            0.026932852163311843
        ],
        [
            0.0041794536816034955,
            0.026932852163311843,
            0.0
        ]
    ],
    "normalized_dipole_anisotropy_matrix_sum_1/r^7": 2.672159190900375e-16,
    "average_electronegativity": 2.8516847826086957,
    "avg_spectra_anisotropy_matrix": [
        [
            0.0,
            0.03848959448793534,
            0.03401061732014507
        ],
        [
            0.03848959448793534,
            0.0,
            0.054483764128423776
        ],
        [
            0.03401061732014507,
            0.054483764128423776,
            0.0
        ]
    ]
}