{
    "mp-id": "mp-756075",
    "central_atom": "Cr",
    "band_gap": 1.6336,
    "density": 6.05569331368565,
    "formula": "CrTe(WO6)2",
    "space_group_number": 1,
    "space_group_symbol": "P1",
    "steinhart_parameter_sum 1/r^7": 0.00012015188330088679,
    "electronegativity_std": 0.5971980465841128,
    "quadrupole_moment_normalized_1/r^7": [
        [
            -0.22440936126608993,
            0.0007711474962745024,
            0.002808916457457483
        ],
        [
            0.0007711474962745024,
            -0.17887818330141422,
            -0.033466234013479375
        ],
        [
            0.002808916457457483,
            -0.033466234013479375,
            -0.20190139300288462
        ]
    ],
    "normalized_dipole_anisotropy_matrix_1/r^7": [
        [
            0.0,
            0.05805210652701985,
            0.051299224564156205
        ],
        [
            0.05805210652701985,
            0.0,
            0.10935133109117606
        ],
        [
            0.051299224564156205,
            0.10935133109117606,
            0.0
        ]
    ],
    "normalized_quadrupole_anisotropy_matrix_sum_1/r^7": 0.14586953646156614,
    "dipole_moment_normalized_1/r^7": [
        -0.0015316392075366972,
        -0.05958374573455655,
        0.04976758535661951
    ],
    "normalized_quadrupole_anisotropy_matrix_1/r^7": [
        [
            0.0,
            0.005634079420184512,
            0.07293476823078307
        ],
        [
            0.005634079420184512,
            0.0,
            0.06730068881059856
        ],
        [
            0.07293476823078307,
            0.06730068881059856,
            0.0
        ]
    ],
    "normalized_dipole_anisotropy_matrix_sum_1/r^7": 0.21870266218235213,
    "average_electronegativity": 3.100985915492958,
    "avg_spectra_anisotropy_matrix": [
        [
            0.0,
            0.005429315299200402,
            0.044887854890888285
        ],
        [
            0.005429315299200402,
            0.0,
            0.04366785790296668
        ],
        [
            0.044887854890888285,
            0.04366785790296668,
            0.0
        ]
    ]
}