{
    "mp-id": "mp-753507",
    "central_atom": "Cr",
    "band_gap": 0.706299999999999,
    "density": 4.287942482785396,
    "formula": "CrCo3O8",
    "space_group_number": 166,
    "space_group_symbol": "R-3m",
    "steinhart_parameter_sum 1/r^7": 4.0909883855118235e-05,
    "electronegativity_std": 0.7628583528302608,
    "quadrupole_moment_normalized_1/r^7": [
        [
            -0.1252191024551942,
            0.0028256133111166813,
            0.007205058164722212
        ],
        [
            0.0028256133111166813,
            -0.12728169151660806,
            0.005040248346440431
        ],
        [
            0.007205058164722212,
            0.005040248346440431,
            -0.11640615263069483
        ]
    ],
    "normalized_dipole_anisotropy_matrix_1/r^7": [
        [
            0.0,
            1.2730640499436117e-18,
            1.143048727704813e-16
        ],
        [
            1.2730640499436117e-18,
            0.0,
            1.1303180872053768e-16
        ],
        [
            1.143048727704813e-16,
            1.1303180872053768e-16,
            0.0
        ]
    ],
    "normalized_quadrupole_anisotropy_matrix_sum_1/r^7": 0.03773608477606383,
    "dipole_moment_normalized_1/r^7": [
        4.406678320178657e-17,
        4.2793719151842957e-17,
        -7.023808956869472e-17
    ],
    "normalized_quadrupole_anisotropy_matrix_1/r^7": [
        [
            0.0,
            0.018868042388031636,
            0.018868042388031914
        ],
        [
            0.018868042388031636,
            0.0,
            2.7755575615628914e-16
        ],
        [
            0.018868042388031914,
            2.7755575615628914e-16,
            0.0
        ]
    ],
    "normalized_dipole_anisotropy_matrix_sum_1/r^7": 2.286097455409626e-16,
    "average_electronegativity": 2.9045425867507886,
    "avg_spectra_anisotropy_matrix": [
        [
            0.0,
            0.04886409735316307,
            0.04886327673220949
        ],
        [
            0.04886409735316307,
            0.0,
            3.760764858829659e-06
        ],
        [
            0.04886327673220949,
            3.760764858829659e-06,
            0.0
        ]
    ]
}