{
    "mp-id": "mp-755584",
    "central_atom": "Cr",
    "band_gap": 0.0,
    "density": 10.298631066389376,
    "formula": "CrPtO2",
    "space_group_number": 166,
    "space_group_symbol": "R-3m",
    "steinhart_parameter_sum 1/r^7": 3.579486624526859e-05,
    "electronegativity_std": 0.7611284791970825,
    "quadrupole_moment_normalized_1/r^7": [
        [
            -0.08403850178607306,
            -0.0015896126222389193,
            -0.011088874939507954
        ],
        [
            -0.0015896126222389193,
            -0.08233915968610561,
            -0.006646395941332445
        ],
        [
            -0.011088874939507954,
            -0.006646395941332445,
            -0.12775054504755443
        ]
    ],
    "normalized_dipole_anisotropy_matrix_1/r^7": [
        [
            0.0,
            3.7946467232061816e-17,
            8.672029193107934e-19
        ],
        [
            3.7946467232061816e-17,
            0.0,
            3.881367015137261e-17
        ],
        [
            8.672029193107934e-19,
            3.881367015137261e-17,
            0.0
        ]
    ],
    "normalized_quadrupole_anisotropy_matrix_sum_1/r^7": 0.0999381006267692,
    "dipole_moment_normalized_1/r^7": [
        6.262643974643076e-18,
        -3.168382325741874e-17,
        7.12984689395387e-18
    ],
    "normalized_quadrupole_anisotropy_matrix_1/r^7": [
        [
            0.0,
            0.04996905031338422,
            0.0499690503133846
        ],
        [
            0.04996905031338422,
            0.0,
            3.7470027081099033e-16
        ],
        [
            0.0499690503133846,
            3.7470027081099033e-16,
            0.0
        ]
    ],
    "normalized_dipole_anisotropy_matrix_sum_1/r^7": 7.762734030274522e-17,
    "average_electronegativity": 2.6933333333333334,
    "avg_spectra_anisotropy_matrix": [
        [
            0.0,
            0.028192404456991383,
            0.028192600944771395
        ],
        [
            0.028192404456991383,
            0.0,
            5.588883147496247e-07
        ],
        [
            0.028192600944771395,
            5.588883147496247e-07,
            0.0
        ]
    ]
}