{
    "mp-id": "mp-756183",
    "central_atom": "Cr",
    "band_gap": 0.0,
    "density": 5.046067542214551,
    "formula": "CrGaO4",
    "space_group_number": 65,
    "space_group_symbol": "Cmmm",
    "steinhart_parameter_sum 1/r^7": 4.131354817679114e-05,
    "electronegativity_std": 0.8089843993349606,
    "quadrupole_moment_normalized_1/r^7": [
        [
            -0.14493277825709136,
            -0.024888937396183357,
            -8.351744859927401e-19
        ],
        [
            -0.024888937396183357,
            -0.1464412671774493,
            1.0960606337470646e-18
        ],
        [
            -8.351744859927401e-19,
            1.0960606337470646e-18,
            -0.14184805102571146
        ]
    ],
    "normalized_dipole_anisotropy_matrix_1/r^7": [
        [
            0.0,
            6.9276743311076595e-06,
            0.00022519151145410354
        ],
        [
            6.9276743311076595e-06,
            0.0,
            0.0002321191857852112
        ],
        [
            0.00022519151145410354,
            0.0002321191857852112,
            0.0
        ]
    ],
    "normalized_quadrupole_anisotropy_matrix_sum_1/r^7": 0.09960145295461065,
    "dipole_moment_normalized_1/r^7": [
        -0.00022519151145407093,
        -0.0002321191857851786,
        3.2603462810120495e-17
    ],
    "normalized_quadrupole_anisotropy_matrix_1/r^7": [
        [
            0.0,
            0.049800726477305324,
            0.0210613915470938
        ],
        [
            0.049800726477305324,
            0.0,
            0.028739334930211524
        ],
        [
            0.0210613915470938,
            0.028739334930211524,
            0.0
        ]
    ],
    "normalized_dipole_anisotropy_matrix_sum_1/r^7": 0.0004642383715704224,
    "average_electronegativity": 2.863885714285715,
    "avg_spectra_anisotropy_matrix": [
        [
            0.0,
            0.028806755609597928,
            0.03503926440700921
        ],
        [
            0.028806755609597928,
            0.0,
            0.037433932490438915
        ],
        [
            0.03503926440700921,
            0.037433932490438915,
            0.0
        ]
    ]
}