{
    "mp-id": "mp-756763",
    "central_atom": "Cr",
    "band_gap": 0.0,
    "density": 5.066703525668818,
    "formula": "Li3Cr(CoO2)4",
    "space_group_number": 12,
    "space_group_symbol": "C2/m",
    "steinhart_parameter_sum 1/r^7": 2.4206320074129342e-05,
    "electronegativity_std": 0.9956208061884481,
    "quadrupole_moment_normalized_1/r^7": [
        [
            -0.09663830977735446,
            0.0010014879897059861,
            0.009278020222098627
        ],
        [
            0.0010014879897059861,
            -0.09590349644888117,
            -0.0064789257759846315
        ],
        [
            0.009278020222098627,
            -0.0064789257759846315,
            -0.09931085570882675
        ]
    ],
    "normalized_dipole_anisotropy_matrix_1/r^7": [
        [
            0.0,
            1.0781554160332928e-16,
            2.8031867175111426e-17
        ],
        [
            1.0781554160332928e-16,
            0.0,
            7.978367442821785e-17
        ],
        [
            2.8031867175111426e-17,
            7.978367442821785e-17,
            0.0
        ]
    ],
    "normalized_quadrupole_anisotropy_matrix_sum_1/r^7": 0.045436816053212786,
    "dipole_moment_normalized_1/r^7": [
        5.754000689816869e-17,
        -5.027553470516059e-17,
        2.9508139723057264e-17
    ],
    "normalized_quadrupole_anisotropy_matrix_1/r^7": [
        [
            0.0,
            0.022718408026606393,
            0.01447931254429169
        ],
        [
            0.022718408026606393,
            0.0,
            0.008239095482314704
        ],
        [
            0.01447931254429169,
            0.008239095482314704,
            0.0
        ]
    ],
    "normalized_dipole_anisotropy_matrix_sum_1/r^7": 2.1563108320665856e-16,
    "average_electronegativity": 2.5242424242424244,
    "avg_spectra_anisotropy_matrix": [
        [
            0.0,
            0.034053963312820776,
            0.014109603148956514
        ],
        [
            0.034053963312820776,
            0.0,
            0.028309158865175852
        ],
        [
            0.014109603148956514,
            0.028309158865175852,
            0.0
        ]
    ]
}