{
    "mp-id": "mp-849774",
    "central_atom": "Cr",
    "band_gap": 0.023200000000000002,
    "density": 3.209077920341263,
    "formula": "V16CrO41",
    "space_group_number": 25,
    "space_group_symbol": "Pmm2",
    "steinhart_parameter_sum 1/r^7": 0.00011609166880215447,
    "electronegativity_std": 0.8251894570149066,
    "quadrupole_moment_normalized_1/r^7": [
        [
            -0.23141214510081481,
            1.7530193876375e-17,
            -2.1745104124164695e-16
        ],
        [
            1.7530193876375e-17,
            -0.09577372972641232,
            -2.791090787160474e-17
        ],
        [
            -2.1745104124164695e-16,
            -2.791090787160474e-17,
            -0.11402020462729691
        ]
    ],
    "normalized_dipole_anisotropy_matrix_1/r^7": [
        [
            0.0,
            0.0819989401849605,
            0.08199894018496061
        ],
        [
            0.0819989401849605,
            0.0,
            1.0970202363485163e-16
        ],
        [
            0.08199894018496061,
            1.0970202363485163e-16,
            0.0
        ]
    ],
    "normalized_quadrupole_anisotropy_matrix_sum_1/r^7": 0.27127683074880493,
    "dipole_moment_normalized_1/r^7": [
        -0.08199894018496051,
        -1.2422373446194755e-17,
        9.727965018865688e-17
    ],
    "normalized_quadrupole_anisotropy_matrix_1/r^7": [
        [
            0.0,
            0.1173919404735179,
            0.13563841537440247
        ],
        [
            0.1173919404735179,
            0.0,
            0.01824647490088456
        ],
        [
            0.13563841537440247,
            0.01824647490088456,
            0.0
        ]
    ],
    "normalized_dipole_anisotropy_matrix_sum_1/r^7": 0.16399788036992122,
    "average_electronegativity": 2.9057943925233642,
    "avg_spectra_anisotropy_matrix": [
        [
            0.0,
            0.08021088863036567,
            0.08456901872530485
        ],
        [
            0.08021088863036567,
            0.0,
            0.009833729011413838
        ],
        [
            0.08456901872530485,
            0.009833729011413838,
            0.0
        ]
    ]
}