{
    "mp-id": "mp-866101",
    "central_atom": "Cr",
    "band_gap": 2.0031,
    "density": 8.848788046728616,
    "formula": "AcCrO3",
    "space_group_number": 221,
    "space_group_symbol": "Pm-3m",
    "steinhart_parameter_sum 1/r^7": 3.450498323329336e-05,
    "electronegativity_std": 1.0407065250780754,
    "quadrupole_moment_normalized_1/r^7": [
        [
            -0.11915240435114965,
            8.630583138558216e-18,
            -8.598768729712547e-18
        ],
        [
            8.630583138558216e-18,
            -0.11915240435114968,
            -4.633270221481023e-18
        ],
        [
            -8.598768729712547e-18,
            -4.633270221481023e-18,
            -0.11915240435114965
        ]
    ],
    "normalized_dipole_anisotropy_matrix_1/r^7": [
        [
            0.0,
            1.2797876990822196e-17,
            4.003848583530041e-18
        ],
        [
            1.2797876990822196e-17,
            0.0,
            8.794028407292155e-18
        ],
        [
            4.003848583530041e-18,
            8.794028407292155e-18,
            0.0
        ]
    ],
    "normalized_quadrupole_anisotropy_matrix_sum_1/r^7": 1.1102230246251565e-16,
    "dipole_moment_normalized_1/r^7": [
        1.3303767418569827e-17,
        5.058904277476309e-19,
        9.299918835039785e-18
    ],
    "normalized_quadrupole_anisotropy_matrix_1/r^7": [
        [
            0.0,
            1.3877787807814457e-17,
            4.163336342344337e-17
        ],
        [
            1.3877787807814457e-17,
            0.0,
            5.551115123125783e-17
        ],
        [
            4.163336342344337e-17,
            5.551115123125783e-17,
            0.0
        ]
    ],
    "normalized_dipole_anisotropy_matrix_sum_1/r^7": 2.559575398164439e-17,
    "average_electronegativity": 2.565163398692811,
    "avg_spectra_anisotropy_matrix": [
        [
            0.0,
            4.0729454565571103e-07,
            3.819185519625369e-06
        ],
        [
            4.0729454565571103e-07,
            0.0,
            3.845003466778664e-06
        ],
        [
            3.819185519625369e-06,
            3.845003466778664e-06,
            0.0
        ]
    ]
}