{
    "mp-id": "mp-801251",
    "central_atom": "Cr",
    "band_gap": 0.0,
    "density": 3.161200192962499,
    "formula": "VCrP2(O4F)2",
    "space_group_number": 2,
    "space_group_symbol": "P-1",
    "steinhart_parameter_sum 1/r^7": 1.1848805869801777e-05,
    "electronegativity_std": 0.7692870168784285,
    "quadrupole_moment_normalized_1/r^7": [
        [
            -0.055312301812168715,
            -0.023723101890707848,
            -0.05208975283120984
        ],
        [
            -0.023723101890707848,
            -0.0074952797259968795,
            0.04487766563798952
        ],
        [
            -0.05208975283120984,
            0.04487766563798952,
            0.11202055676688853
        ]
    ],
    "normalized_dipole_anisotropy_matrix_1/r^7": [
        [
            0.0,
            6.45784933478273e-17,
            1.161177482707321e-16
        ],
        [
            6.45784933478273e-17,
            0.0,
            5.15392549229048e-17
        ],
        [
            1.161177482707321e-16,
            5.15392549229048e-17,
            0.0
        ]
    ],
    "normalized_quadrupole_anisotropy_matrix_sum_1/r^7": 0.4312405533735944,
    "dipole_moment_normalized_1/r^7": [
        5.652061598103794e-17,
        -8.057877366789363e-18,
        -5.959713228969417e-17
    ],
    "normalized_quadrupole_anisotropy_matrix_1/r^7": [
        [
            0.0,
            0.2156202766867972,
            0.16514001482581253
        ],
        [
            0.2156202766867972,
            0.0,
            0.05048026186098468
        ],
        [
            0.16514001482581253,
            0.05048026186098468,
            0.0
        ]
    ],
    "normalized_dipole_anisotropy_matrix_sum_1/r^7": 2.322354965414642e-16,
    "average_electronegativity": 3.082179930795848,
    "avg_spectra_anisotropy_matrix": [
        [
            0.0,
            0.0629284119213135,
            0.059547860215204286
        ],
        [
            0.0629284119213135,
            0.0,
            0.03769872234400185
        ],
        [
            0.059547860215204286,
            0.03769872234400185,
            0.0
        ]
    ]
}